0.	0.
14.053063933405666	899.8857334526172
14.068602344579162	1000.0000000000001
14.104899983572926	905.2809128207626
19.872042509214936	45.71203927675484
19.961220366412796	54.6493085742366
19.961710999702753	54.57535882832899
19.972397062970817	40.92404083253538
19.972644538614023	41.162579753064435
19.99890661675394	84.28487564576666
24.452122338829277	139.53607598743466
24.45273119025498	139.63332073780353
24.556616621693152	131.24163928781238
24.556816254703406	131.28709457964717
28.32323490685216	731.1069616155546
28.35504590632152	650.7007984663902
28.429362840608352	778.6727929202485
31.674449812467323	154.71649193525758
31.696011378234537	157.1649864059952
31.77319515921638	161.6029503837523
31.77383134672725	161.59315712153918
31.8020184785385	158.1915593737944
31.80233928316655	159.29614461445436
31.838822918251132	156.24391889153048
31.844964226510683	135.08292577560772
31.845599130543196	135.1636213401523
31.852275621727888	142.5557228250009
31.85259597331761	141.6387477068958
31.860284853019117	180.26647979374903
34.82499203699953	15.935291342750407
34.825726653968054	15.909121540250638
34.84489130548583	46.69689102929572
34.8454803491747	46.42862608867678
34.928896871447115	10.482357278527676
34.92977721216743	10.41673172045198
34.97634274972669	8.371738878648237
34.976779673238056	8.324577721394979
34.99631151900672	16.280641584416205
34.9963142457848	16.119229819043028
35.00466853917791	17.83038170195905
35.00495779893066	17.783782218545383
40.37540838803245	221.64834311241242
40.56263147558758	257.0200553305611
40.56366176951494	257.2628292969737
40.58610237550893	237.68571621710112
40.586622086305546	241.9743303560994
40.64177755105917	232.84872438317646
42.97325341119471	77.53905227878717
42.97399285865011	77.61902067112857
43.059815782481465	48.005221552757874
43.075248174833035	63.8942542829984
43.076476706719646	63.70521282782729
43.09194970835872	62.15201584558577
43.092934976763985	62.12013660957963
43.109554990729954	53.47450319153366
43.20201765603927	67.04700988911853
43.202749385086946	66.81257387707622
43.21892213105062	73.65109604393541
43.218926698514636	73.45854301289522
43.22577550810394	59.02857367713559
43.22672777415828	60.81561799785965
43.22697005075043	60.80186292889635
45.4300827689871	11.057896812272041
45.47246055168987	1.47672479891965
45.53311831848991	10.015189650251468
45.53382242019213	9.971552272377682
45.58088127407316	1.2527886546088618
45.58123632260479	1.0086203175159327
45.611955297873195	23.253965565101
45.65420133669594	9.163741364342226
45.67429992672314	4.742807822328694
45.67500233171844	4.707646946614319
45.67975067873547	3.89443361345009
45.680105128441284	3.9197311815436873
47.80658749809954	10.962607602982368
47.807379818116054	10.986358938705838
47.84744945617473	22.15934167161318
47.848017445341114	22.202956397458276
47.981612104242146	12.162898780664916
47.982174683592625	12.181361646242621
48.00071754019097	17.55442738199821
48.00173492577651	17.61424276635297
48.02247312730545	31.541259270681653
48.02258893719311	31.582142084748387
48.05923762580382	17.120328388229648
48.05957223987402	17.123643443729236
50.11640712583951	115.33164923187238
50.117720865049534	115.48771173424035
50.34195910569135	119.069746306839
50.342390172190335	119.06124134382557
52.19850634890297	24.54176881482771
52.222391241878675	35.12310208735294
52.40653530380593	26.352393500159852
52.4078036294856	26.41826723320536
52.44971617536385	28.514699321347678
52.45035589091893	30.996521616552357
52.48606278177424	37.13668763129149
52.48732975474853	37.145061167895044
52.50541119079495	34.168271332493056
52.50605042899197	34.27080173968918
52.526248165909976	36.47538661123204
52.550027993399056	29.1823035091347
54.35335779476702	21.953688529212382
54.35418418392211	21.877583343207352
54.37663314093753	2.576106604792185
54.37735722380959	2.580017610250543
54.46542912570521	6.447806698672427
54.46687183682376	6.415670809927412
54.50273667174299	1.0436843646366996
54.50377109407787	1.0330286015486867
54.569364376451	4.041626658123253
54.57090896246468	4.028152333048831
54.583415015777355	12.185049352968429
54.58465392551435	11.997298342087978
54.624943900493534	12.200957976469134
54.625969082227726	12.18247893049106
54.662381033163996	5.716894176034512
54.66259211015464	5.730067941627049
54.672308411290444	1.422549181751914
54.67271709504176	1.4358380679042153
54.67577824460906	1.963281182171187
54.67669917823334	1.9288778761060184
54.69011538201481	4.6496536919033185
54.690121131276754	4.526970722212816
54.69559519596682	0.6212810917547635
54.69569494232284	0.6100722312366982
58.591241413487076	64.20996128316948
58.661986222802234	60.16647222924568
58.827336815965175	82.94629233456924
60.48473771430297	25.597376473454755
60.505231856940945	14.52806309039772
60.506774926030204	14.544330319278632
60.52701075355528	21.296498941989395
60.52836289555287	21.23606795792179
60.549787746492235	24.67976605404442
60.59385893272053	29.633013424596378
60.59462800151173	29.64457158952375
60.62719340439384	24.68248912787904
60.62892861770372	24.744828604790204
60.66336001907818	18.962364563151702
60.66374787962091	20.113972628286145
60.683369074997636	25.790562137026278
60.74829228674698	27.03047592368652
60.803361390594624	22.376672941282433
60.80412529993325	22.475978313550687
60.81074513648277	19.67356554094823
60.81151257349216	19.706793419913108
60.815259308308484	20.120005253910584
60.8156465931711	20.202988449754407
60.82527032635718	18.04462578721945
60.82545678571052	17.97813833960163
60.8261284469516	19.986627388531797
60.82669856574118	19.97355641317212
62.34885426589729	0.9237330199096242
62.450604412500546	5.186666833196224
62.45145541863173	5.173104929850845
62.51459431848889	16.732496744732686
62.515164264718905	16.675866206544423
62.64567772875443	2.652757935944204
62.646336888218606	2.639104538464508
62.657081449964046	3.5597623099402784
62.658778512611114	3.511223400446358
62.69574425924231	0.6063222725577276
62.696600417805485	0.5220390199963942
62.7096480982119	10.10494953623434
62.709840092153435	10.058484710937014
62.736605075218975	1.5969022825162202
62.73773916151163	1.578300152233639
62.785636248352326	2.758308779374137
62.786009422483644	2.742313830425863
62.78747615180872	10.175328114180388
64.28183713545354	5.39736531179199
64.28267634466944	5.408456091902547
64.50355600131418	4.032020729067737
64.50550705362338	4.0645004559441755
64.53728624870496	7.994244135046295
64.53868540846764	8.040725290511423
64.64751956201088	4.517265905990622
64.64890706064982	4.53546682642509
64.68148492974595	11.124931706219833
64.6817706571092	11.165532866355813
64.71344649104071	10.890813520473197
64.71372176550506	10.886334947465636
66.1601601361849	35.41808484414209
66.20967741377925	32.67965562683737
66.3870268764235	41.945440781991856
66.38848928417555	42.02198238360358
66.45329314233156	39.35191088242698
66.45403080285426	39.82432669673181
66.5379380099754	41.01544974478013
66.5520653651725	50.47726387445869
66.55352593987409	50.56958683503056
66.56888557630761	47.740204531786716
66.56962259037834	48.878772686444044
66.58731270134044	42.12827417541362
68.03501455979443	21.961657483432734
68.0359192735784	21.98528452403638
68.08394230387037	18.92721708915007
68.08466784926081	18.94163706642247
68.15646217581055	16.849366322456802
68.15808792135068	16.778073595622907
68.21772357337262	16.526722808228353
68.21881255577188	16.481972110206478
68.34292952596309	17.505966940566832
68.3441893642683	17.417061095604094
68.3658392499988	14.484879193226677
68.36764449819258	14.395967830018687
68.37820073534184	13.703117968079457
68.37964884950772	13.683098792167808
68.40429003183208	18.11372429619772
68.40465704224154	18.04026869845803
68.40784116620206	15.035098614946248
68.4083798947361	15.038479842530784
68.45682044562038	8.734679520893016
68.45682380827557	8.73902085344452
68.45924038956488	15.067810426605623
68.46031746267035	14.968448484759744
68.47195066019317	16.14997906134869
68.47195738480266	16.06387831484798
69.90944787185926	0.6532954142461445
69.91105799758257	0.6452076799959208
70.02525977167615	9.381792278094617
70.0274033568251	9.28925468679704
70.04547449091646	1.197038587843431
70.04735300865835	1.2020122793229315
70.3017048927405	0.6260056857514649
70.30276735033877	0.6426630893356438
70.32215379819095	0.3078273933075466
70.32241315109995	0.2914057134531265
70.32396868151677	7.100658891197338
70.32449734608467	7.084367918170278
73.524772677282	25.226178064577127
73.52652260890828	25.287616775020602
73.57218055334222	22.923047555177302
73.57358407092042	22.997130844185676
73.77244822517657	31.80003785353593
73.77454808583887	31.900655442199373
73.88565397953614	29.09096559539468
73.88669680002685	29.110200228860162
73.93332014675484	29.459160679057394
73.9333266565118	29.49126074301007
73.95327230533462	33.096762857292084
73.95396294374896	33.09237184148496
75.18385634171082	11.771505686824947
75.2111890629467	8.323747284648057
75.4170478548661	5.060925267015374
75.5145451607645	4.654674794014965
75.53324298317068	14.16472147792563
75.53531874679148	14.182398301341019
75.59612746482316	9.056212618529889
75.59717474359434	9.62581813189971
75.6243818495654	7.904424774648178
75.62645676435167	7.946648947407993
75.65996689949252	8.32638744926173
75.66101387932157	9.091162227113996
75.72012170543769	10.091903733865445
75.74254277383115	9.589557254158645
75.74738818655234	12.682345407728743
76.96316648947757	2.5732278214070368
76.9641144981522	2.5701084834404764
76.99033232548358	13.070165972270658
76.99119507860301	13.040367728394692
77.07507302021948	4.02974819936359
77.16801302817615	0.5985238222038592
77.19462952958105	3.282772967411243
77.19548837051698	3.2727377051807007
77.21250064153797	2.649489298471601
77.21482174654216	2.6308448914398728
77.27094322617077	8.328068677345543
77.27249829088218	8.240961993923756
77.29160797686642	0.3974851124648524
77.2920412410332	0.24568459038287557
77.2968760808821	7.1850736287369585
77.32512229679821	2.05137360751523
77.32752901202922	2.033487246380148
77.35641557844359	0.37131303248988634
77.35814177895844	0.3645071607512673
77.38973461150933	3.0335276306432553
77.39012215144926	1.3292553374079217
77.3919219232367	1.3092532891854123
77.44877901899942	5.184304644139902
77.44930342291154	5.112804679051511
77.45844277232143	3.761567363741762
77.46015546963773	3.747098201574051
77.49005972862471	1.9255793879947563
77.49041247917748	1.9345354479474617
77.49566381073765	0.49612910971612206
77.49609032249131	0.4902417083234586
77.50478936843744	0.8184938500507261
77.50564716654397	0.8090245770594319
77.50886845695726	0.6762499406485328
77.5093013540617	0.6784120748277856
77.52285912259984	2.3204674202698095
77.52302746706928	2.3363411274830157
78.8409386051009	0.651515125258233
78.84187838323324	0.6544003171254313
78.88567378779499	2.7388251342686134
78.88798537194283	2.755979690474397
78.93344110503968	7.545821231400498
78.9340424331321	7.556982438325504
79.06138842562082	1.0265324132297833
79.06215530977937	1.0300041184406163
79.15390623874701	9.495766909002914
79.15416603377746	9.507223816176333
79.23714012648779	3.11808211373384
79.23842282064842	3.136095502859368
79.28159741876533	3.257579490928028
79.28201961570487	3.2587255204891514
79.2829249551985	5.461934694580412
79.28368490593311	5.455726627940386
82.20797501030927	2.9303007515878003
82.2333429375407	9.00405924146138
82.23520718636087	8.969889606949215
82.26009608866083	6.459239713058203
82.26179276160414	6.447210725154655
82.28798303489236	5.130876036539557
82.36487839696213	11.844762090097726
82.36741804219403	11.881039465697086
82.41083332452612	10.405513197818017
82.41287050384084	10.433028713518983
82.46101596182372	3.853168645333619
82.4627055270022	3.8734807725953617
82.49747210062564	5.30099481769412
82.50018148417821	5.3094112969032645
82.5166774655142	7.797976218480201
82.51905201578997	7.753578297374383
82.55662400995445	3.463993783845245
82.55747649382823	4.146134228384643
82.64434087277907	6.2848416562989815
82.71439107429494	8.096838762044298
82.71590607898261	8.10091718849579
82.72426835710114	3.5910346323199183
82.72804505119532	8.399086647618338
82.72973359334686	8.404700286445017
82.74368576789504	7.740511929899572
82.74453789286463	7.823754193956279
82.75741037845728	7.772857820486431
82.75824986588749	7.728616556610027
82.75985174294121	8.182018962315805
82.76081122108329	4.869130232866097
82.76082067971181	4.876457057804008
82.76119617595722	8.25668996744071
82.77938657203958	6.634715088627567
82.77971478427094	6.585473727030719
82.78430178174787	9.760571981848221
82.78463314312326	9.811235669294051
83.94761912227192	7.3126300858356235
83.9486313053192	7.297392377076625
84.02745960547455	0.4922885511924247
84.02822138324538	0.4946158266378003
84.08257902108342	3.2152582811329213
84.0844329202329	3.2103779281735996
84.17399260060022	0.4440316469765146
84.17517902137122	0.44288701717382484
84.30014424922662	5.483626677524867
84.30165763300151	5.481625212215894
84.38260074904575	0.6568563782174859
84.38327239564077	0.6553244529068228
84.39168953665674	2.352525252359114
84.39220229932947	2.3597328283382275
84.41380549771563	0.9284950987894215
84.41591311738345	0.922327260108792
84.42539309245858	2.8192569480022174
84.4270838693837	2.7459266206764785
84.4625464548221	0.3215958588370987
84.46263452366057	0.3253731015225562
84.50114807790227	0.5171392157722862
84.50240617919	0.5017612960453225
84.51315070126527	1.179400293903433
84.51315855661667	1.128851957953042
87.29086816870891	9.966502540518436
87.777378603919	17.647165974874152
87.78006056084006	17.712789873106004
87.83848845444776	16.570010970133037
87.83984189866105	16.89544933409209
87.98355390472653	16.69406944603991
89.01872578640888	10.592226127584567
89.01973403999217	10.604625995784927
89.14053413980372	2.3475869365135167
89.14254744977904	2.3525107706842614
89.22006802007054	4.136520310005876
89.22158344674713	4.121926898159991
89.4098107040368	7.482970547954468
89.41282892546623	7.416851397703349
89.46693755974886	7.303267255457408
89.46896011417985	7.266025856821943
89.53487656058986	7.501525493386717
89.53739690786279	7.531282528831931
89.57345843380364	5.0448218125775774
89.57479531382495	5.080147774900245
89.58317873749529	7.849386663781077
89.58552062033684	7.7721138241253716
89.6406360318324	8.06527766831974
89.64131854162454	8.000895576787629
89.65331785800409	2.8742408644467696
89.65349317692579	2.8890619954474785
89.70874886873099	5.895447689001752
89.70957854183239	5.889389530740361
89.71120326449427	3.5838112910780966
89.71153513367022	3.5812956401608766
90.71667986928676	0.7762796803082486
90.77708640320938	0.06195634412386885
90.89368210315084	1.6285609597214685
90.89645316854558	1.621717650618175
90.92023549143592	8.15390363575269
90.92275764617699	8.094946432636482
91.04672815158371	0.3181921857023941
91.04975297540982	0.3105937928599087
91.11940516230808	2.071243312851881
91.12191808828653	2.0517134745203487
91.21442431177519	0.24548755780149797
91.21569254864235	0.14561594084675986
91.32120457660852	1.104966315886719
91.32371769132193	1.0804722058424447
91.35581205396527	0.20219242220866895
91.35708036107644	0.17181121268342364
91.36562730000988	6.260134546273347
91.41361950835032	0.31625252296189416
91.41486907422173	0.3048548514560652
91.42604663037358	4.683590420600227
91.43713707297542	3.383029993947074
91.43813298135684	3.3679636139220395
91.44043147592035	1.4845460268285229
91.44092473767624	1.515483242150085
92.44425724512566	1.079569596071179
92.44534931125847	1.0795035401928594
92.50479806646376	3.813477488935477
92.50572409117612	3.8173472727851405
92.73066707619495	0.4366100428465612
92.73343625939623	0.4430228199919166
92.82187403271534	4.964321436529062
92.8236466242443	4.987949168103825
92.94746583587539	0.7038499128931074
92.94972768534583	0.7109730927470032
92.97589607865	1.265870698406772
92.97883514188037	1.2838477593830198
93.00655337904503	2.627736841476503
93.00866171658755	2.6533639485796994
93.03893943413598	6.308668471905784
93.03970597500135	6.332498954034797
93.09410999192987	2.8889150620522717
93.09469473594916	2.8903094289696907
93.10626972028741	1.5166368105160248
93.10836259206857	1.527100327929254
93.13734619956311	3.817382042098833
93.13777731573042	3.839741517898821
93.15485371736833	6.145047872059712
93.1549336770526	6.140380304804674
94.20424235977174	8.276915341325859
94.20626401429554	8.314874479465196
94.44113101621048	10.6983379928307
94.48341182699448	12.751200178605755
94.48677831874404	12.817713606434976
94.52918624469525	11.558074386218513
94.53188713661302	11.632145671288422
94.57745617742441	9.40586990626698
94.83128354075275	14.81579492594629
94.83329438898899	14.83656721998113
94.87774685969624	14.8695946536598
94.87775941614616	14.901915840279411
94.89658899329609	19.63610862329978
94.89920731009492	13.946388707269497
94.89987347420107	13.945560409721862
96.03664577818064	7.196755880915267
96.1695270096189	6.225236815052152
96.17553315379108	9.344010173783643
96.17654399881877	9.351409390885346
96.2976914851149	7.783152259120002
96.3124977469157	3.912885310524606
96.31300802164236	4.068523175790499
96.43063887084651	7.4568222233867925
96.61963572754927	5.0118389577662175
96.62064745154842	5.025307103322086
96.6236867370094	5.1544739594835525
96.62419732604877	5.201494816787241
97.64786134742536	0.6703235649788362
97.65006308233733	0.6689305381761016
97.70897666625862	0.055135234214968555
97.71084382461025	0.05296710957622401
97.77618997550933	3.0247880544819417
97.7772895971287	3.01754539831483
97.80114559764756	5.134122231497772
97.80419344206169	5.102297621359985
97.88154757528297	0.33759464176981724
97.88384218705312	0.3420179009144703
97.90977506953108	9.055483156050125
97.91045622766032	9.037350605388971
98.03830159900956	1.7587962284975023
98.03923118139942	1.751513460450395
98.09203527022922	3.69220347444722
98.09542679946871	3.6317353630130955
98.11131049865243	0.48152646066933674
98.1142831638428	0.48492603602318773
98.17205615622464	6.502077771520127
98.1723993253461	6.483922652239498
98.23848898531709	0.49230160212252766
98.24051516486598	0.489694451537266
98.30355139054416	5.4578426202794175
98.30473154693368	5.450086215278763
98.31948101828155	0.23102265257868865
98.31974678873735	0.23919302693949993
98.3309272118772	0.44320143842049275
98.33245550056009	0.43490573512419683
98.35512071748353	0.265903138060243
98.35680574943126	0.2779973702914574
98.36510692593978	4.087398933495979
98.36526832002096	4.076714666602995
98.37483596270815	0.13812219685546737
98.37515940921547	0.8181597474622627
98.37524736176643	0.1265764255869849
98.37566257293693	0.8120194290808921
101.1211131148325	7.891709360808511
101.2442539098789	6.8937682846778126
101.42076025314287	9.498761684845524
101.42281081890583	9.525415206317378
101.55995085486909	8.41533903046593
101.5609862199	9.068831693205953
101.65060485548128	10.226731619796338
101.77397635913093	9.325753975299026
101.83272110805477	16.21160351515903
101.83477470998568	16.256101259884428
101.84865836967909	15.217322355360311
101.84969481614569	15.609205479642437
102.74328505899858	2.4119108919721373
102.77812126314723	3.938537580643778
102.8865995181553	8.8996419596152
102.88780389347261	8.910787504294136
102.94686560056891	8.226246031548758
102.94996882641475	8.258182891310321
103.0107246203014	5.616645836458622
103.01158898518305	5.621208735416447
103.0464437856747	6.451284644474467
103.04868054867929	6.422726624394313
103.0987912634135	5.6265216150787305
103.10258428652054	5.585121204463304
103.12609469819476	4.0467995206414615
103.12954736905797	4.034222850910225
103.18253618616967	5.638118367934014
103.18392206407728	5.62120835461838
103.3131736571368	7.041800044968578
103.31506539911797	7.006294940874861
103.3306624556373	2.423662168973036
103.33410516833573	2.4493548136704213
103.4198291680844	6.023715656074999
103.42068855244123	6.027890387467576
103.42852547888931	2.133827313706024
103.43026360704077	2.62029964564471
103.4473195365193	6.751020098265216
103.44958595030285	6.689122802301217
103.45028447707374	6.665768414671397
103.45076391834108	6.7660111151119615
103.51028490502812	4.324395962290781
103.51202362738007	4.630582016868289
103.54439658997946	2.084612521155779
103.54457370377156	2.086530346929237
103.54979150978888	5.111199186438248
103.55238072692973	5.066743905615053
103.56169733942808	4.8585062085697315
103.56377460614004	4.848834952258996
103.63184212332736	5.201465399420337
103.63335678261667	4.898261344315662
103.63507065926382	4.842926919970619
103.63931852333535	5.151826254618064
103.64086491293209	5.100185627162812
103.65174112414824	5.5800058859551775
103.65175078017963	5.535262846631138
103.65908816078608	2.843221932065915
103.66011273486316	2.8379891346337907
103.6610688450003	6.1447173483081095
103.66174546200185	6.208448446099877
103.6668053341823	2.918034204436437
104.52022211335992	8.144405668037065
104.52143650751997	8.131566561171368
104.55536456525705	1.0634076889325075
104.55649343482462	1.0630420187156815
104.991444115322	2.1231179884985996
104.9952621444377	2.1184399333303423
105.08594658705228	0.28908891158279737
105.088391446737	0.2872452360868625
105.1313212040358	1.323379283366976
105.13522931021443	1.3080278595980368
105.19063416187718	4.237191335540916
105.19325379325434	4.164766409555341
105.21581184381698	3.5676860064164106
105.21893309088732	3.5642281318505304
105.3107586726594	1.5501177331963567
105.31107286937832	0.6883978596079318
105.31181684903709	1.5596301102562973
105.31410789095574	0.6709287398919049
105.37086681001814	2.6759433540978153
105.37175158028097	2.6157768483930806
105.41608174002053	0.5112061037035629
105.41659973914078	0.5163964685888535
105.45145930092711	0.1924766672320686
105.45171591070488	0.19024283581037443
106.48826357601774	0.8584961487556174
106.49167719648489	0.8580655784497111
106.5515252515817	3.0976059804216356
106.55442066588293	3.1075829149988072
106.83404844900195	1.4097325363349957
106.83799813927317	1.4247848739785434
107.16692512899876	2.3504457931463607
107.16875849020379	2.3543155120721098
107.23094534769446	5.034410144991656
107.23119611830778	5.02242863900114
107.24254876366848	2.978941259332779
107.24385182312461	2.973008196895765
108.26777098272053	7.371205719390977
108.27024369608688	7.399860796063505
108.39538161812409	6.436201683642081
108.39715667648233	6.467056923690321
108.81561790397903	9.656336322663938
108.81738413342312	9.669680391745006
108.87561895775295	13.269197794487171
108.87881518750432	13.334976194683342
108.94399099698256	8.811113097788096
108.94435509411727	8.826646324689959
109.05964894494899	14.128986212615077
109.06070228820622	14.126810020713567
109.9129363326812	5.628009129557768
109.94743511834108	2.3178638250313752
109.94993640350792	2.3143983211806267
109.98367176417025	3.74204111386676
109.98599705808944	3.7269699752604617
110.02138257431339	4.110201017057162
110.2897801696773	1.713803911005153
110.29407274424196	1.7208921925163982
110.37485559703288	3.054228630686873
110.37808846680193	3.0326818948140937
110.41074749436488	7.99276436947123
110.41396443046546	8.01313814808221
110.4568916592481	7.0118274443489845
110.46136933114805	7.047425751439158
110.50569240771615	6.113739920416257
110.50928569292171	6.1421171137929
110.55662066121094	3.3281048254601027
110.55824568358132	3.4973760513863854
110.74326105303146	5.500941621591057
110.7523698810212	3.6909124608654618
110.75522909681908	3.742944853691801
110.77444566558418	3.5990305882817295
110.77767028406254	3.62911159076735
110.81158721742453	3.7482337153828187
110.8132149724374	4.19865862868484
110.82758223814378	4.801338781100272
110.83026199619324	4.805703630529254
110.83841363844576	2.1007701804077894
110.8387888113508	2.1225397707431615
110.85229301101668	7.0294667816720215
110.87122736649413	4.9860010974870494
110.87229622760802	5.018384492690914
110.87739020491252	2.8813390701545547
110.8774069425384	2.8885397759426357
110.90786327508795	2.805353591560293
110.90839281280773	2.783209666959058
111.76062561123172	2.94905636029032
111.7619807518536	2.944288479651231
111.87054967508463	9.945639833059946
111.87163765276915	9.93166436272907
112.1155313351489	2.667940588224945
112.11905947820135	2.6492116887175223
112.25889722114232	7.895248172364739
112.26108424107424	7.848151075473144
112.39623162849321	1.5723226930479508
112.39921828221381	1.5532021053107616
112.54015589737158	5.760825270568874
112.54125923734348	5.713319572829593
112.55361293539032	1.0062274608123805
112.55742677782942	0.9931593968802647
112.58685765470393	0.1820737442096355
112.58959408901725	0.17706535186970027
112.6017371482208	0.7862367014024623
112.60255104680887	0.780486677943749
112.69474815812413	1.9321754644393039
112.69746640083565	1.921508717903544
112.71259302687106	3.24022708938524
112.71259811289126	3.2275414000311273
112.72856676260052	0.9517152361242894
112.72912681838206	0.9585557593825093
115.79040459084347	6.725354293540693
115.79488319707258	6.785684048393633
116.56310509856804	11.453694431633679
116.56458922821702	11.451766966152206
117.46231904804667	5.6498849276072844
117.46515588870446	5.629275288645286
117.57753160193855	4.088577710262391
117.57980979935525	4.077158548794232
117.65795636089008	8.360538255645434
117.66193292402932	8.392640210333415
117.79499153537488	5.309441296727051
117.79784761865082	5.322535810841549
117.80788874426679	1.0258331859180336
118.01722122914198	1.0587684064959169
118.18986034834614	3.2322618850322855
118.19443198554944	3.2405045135365556
118.21156055058074	4.687441785341591
118.21556819031997	4.647901209840643
118.24615438399807	5.610871706654336
118.24900115787194	5.621331060886208
118.34393465058528	5.503490307729156
118.34564214348036	5.471789558971295
118.38450658143182	1.9361240845283374
118.38509373618786	1.9411756197464238
118.4606588780012	6.98198818240813
118.46066955114028	6.952475125467924
118.48588409157303	4.871075197369853
118.4881602501034	4.9381851842411875
118.50822203674915	3.936761491192111
118.50870660007136	4.389451024072626
118.50877784473083	3.892358430844633
119.25171886909787	0.09684746574210139
119.46499683488278	7.787792582699114
119.46904766050835	7.7500496766859195
119.50417052903967	1.0174685946153637
119.50793692471419	1.0161900863727666
119.59465258570899	2.790283886195364
119.65993682551698	0.5988572503925265
119.66495927564876	0.5961498957033627
119.72985160524159	0.05327720670009298
119.73411317948897	0.049331613050710654
119.77841543805258	2.2275273525607044
119.77976629796466	2.2236696267352594
119.80325935440149	0.5827039005195673
119.86526509698695	1.2703565660314993
119.8705902912385	1.2617108896475329
119.8959813861539	6.238850259535689
119.9008296917118	6.164377595935583
119.9434766006654	4.755736119078694
119.99209990744451	0.6273886304625454
119.99278310418548	0.4438550924434101
120.12595535502238	1.5772431633111947
120.13079683338644	1.552919084179282
120.15281493455768	1.7449521675187407
120.23633229891708	0.20354603602250293
120.23877834937431	0.11804884470282731
120.4105925922551	4.919317097279992
120.41330078299248	4.905574940548613
120.4647768869341	0.48247244291374464
120.46651493780318	0.49746899030073816
120.4671121458656	0.26335976793716326
120.46952768370359	0.24786926938146792
120.4782211692415	0.4151989132015467
120.47958163885897	0.4102746375805951
120.48182462201027	3.6763777479929
120.48219519320945	3.6573129117116165
120.48293857920201	0.34959913628209327
120.48362519609204	0.3505858399515287
120.4985072056818	1.174257459268572
120.49886631421268	6.535471151148482
120.49946102027809	1.214628673510918
120.50464140223306	0.19542328670636622
120.50550261177169	0.1889105698374519
121.25080314024912	2.4277129128459407
121.252277155217	2.4258499915478735
121.60085174482698	0.1045694501310078
121.60232760052708	0.10305878672766838
121.81413982044913	4.889323855618071
121.81503325915723	4.897336766498381
121.95713993414576	0.24750938741820794
121.95842222457786	0.24842895302332776
122.00587088940833	0.3183965767403468
122.01130748125222	0.32692205850282646
122.11375569774215	3.895064897135864
122.11723953564666	3.927041325221599
122.17135369148242	6.461178148075219
122.17185485617243	6.471893461534341
122.2617751224681	0.5613337140953019
122.2662273101197	0.57116380880498
122.37045498884419	5.138464474660261
122.37196549736841	5.170675827665067
122.46761386474368	1.5872735582301711
122.46970491153432	1.6000893400467884
122.51959967065066	1.7251156339261013
122.52028842857453	1.7265038702464113
122.52492935542946	4.258206762679818
122.52542135401703	4.25704332453449
123.2497370567028	4.308535240350227
123.3400656982985	4.048004841086762
124.04064290654583	9.035164041857435
124.0454942582682	9.086717691336213
124.20601316243514	8.026215962106262
124.20846624502568	8.737897087876853
124.34553648665829	12.702643517785868
124.35040541226319	12.773979027817164
124.4199315063691	11.917990728042449
124.4223908480553	12.245746721366935
124.50014578026604	9.565951222794515
124.59181068059847	8.524086945690648
125.33994649562216	9.037514550963927
125.34159300223212	9.052896148226145
125.43265819819811	7.256829097803703
125.43410294574598	7.26625835315963
125.53514785914426	0.6894013481843265
125.74417890723012	2.0179748227131737
125.95029918478897	1.078701910420047
125.95319592971212	1.089920099436252
125.98034262478221	6.4078749761251235
125.98572829144183	6.350309424896855
126.14481808251482	5.621428377174692
126.1481600881241	5.588309630027269
126.17985374894324	1.1083203144889016
126.18131990315253	1.505346103150594
126.2828305618364	2.397576239604961
126.30214088011846	7.039952985418029
126.30670952604189	6.969846814117703
126.3461911259887	5.8750142226808935
126.35181189995662	5.8001081354007
126.41745468666457	5.622740930806097
126.42122469479649	5.580842588030485
126.46770779984298	6.655370281812694
126.46939738658651	6.60839990049234
126.49385661015226	0.9797365183273343
126.56193551066745	6.087631094159201
126.56630898259893	5.999046816138986
126.62330256927744	3.5373309812592297
126.6241334714789	3.5361605893491284
126.63401826069261	6.248255573307728
126.63529402373109	6.173362648746288
126.65439718318295	5.250270058333589
126.65732020019868	5.255527876428988
126.67394605707753	4.888889100528078
126.67542157218232	4.975403136728186
126.71774888772823	1.5086426854535637
126.71795199013381	1.5064532307139162
127.53317669871005	0.10389617028681979
127.53635490315767	0.10355100539933328
127.68641181431927	5.256315788579079
127.68810704223391	5.250317081786595
127.72688889689643	3.1284439677051794
127.73166276598029	3.1121491329342037
127.85634339623437	10.62630545061273
127.86017986095489	10.583128977995775
127.90165149040762	0.35853883068731474
127.9028259301262	0.36074633233245534
127.9108099694248	2.998995702337057
127.9139964903995	3.0024114516467866
128.14147551760303	0.622105195808337
128.14340616891255	0.6239508399894974
128.17744393428856	4.773797027246541
128.1838463376398	4.725068015563989
128.2791547808453	0.33150997334455795
128.28398068348343	0.3383621292979801
128.2958149235969	5.0662078944226066
128.29858743928585	5.07036532139563
128.40609093982283	0.27822018379698255
128.41188024479717	0.26880910450822215
128.4558725378936	0.927634647793052
128.45715390598693	0.9264512625055418
128.52791832129736	1.859897151830232
128.52900285425886	1.8674517167592877
128.6736132512255	1.0018895448364487
128.67394207492856	1.0030553705939762
128.71895270616977	0.8639367077217159
128.72184188959466	0.845486541381065
128.73088743611473	0.452756949155443
128.7351718059957	0.4496722945854993
128.77188538848958	0.6372593779901788
128.77565214901472	0.63014878354034
128.7867855705691	1.8558530391822257
128.7898080195941	1.7875155234451798
128.83444857873337	0.23069935302972458
128.8350112397268	0.2440318683994082
128.8511492928478	3.5587640021426057
128.8511673658341	3.5176395978561015
128.88369476553632	0.38410191683246486
128.8859470995657	0.3680876208809882
128.89936461538912	0.8446924197706708
128.89937868169545	0.7953176117174667
128.90656667632507	2.8412535079755257
128.90848580746464	2.8225176201971895
128.91077215554495	6.973546667458619
128.9118383962745	6.9618975242822145
131.97923547547117	4.655043240924993
131.98284903392846	4.684835249244655
132.08110470982695	4.416988482870788
132.08427690180864	4.448725706164374
132.47152656446207	8.191730567101146
132.47789357859705	8.256199165834879
132.63641914493923	7.176688270811917
132.64099841641854	7.245893460534783
132.93218618287176	11.830391788010916
132.93906248351988	11.926656062440175
132.99477101876562	10.862158241550594
133.00029299362896	10.967566508260376
133.18018841323942	10.884247654381898
133.18477394935664	10.916923538761042
133.3479030541914	9.91823709182048
133.3488501912838	9.953705412629564
133.392467522889	10.482948625996807
133.39430294300115	10.492851722660781
133.40805278911785	13.975610276254574
133.41219008358004	14.006264753492541
133.47249982359673	14.118756122730034
133.47252568324404	14.163677894176267
133.49715337669895	9.434037709145404
133.49760224193335	9.427220877774149
134.56951719125036	0.7688664181513584
134.57328355585162	0.769610764520291
134.6620096622833	2.702356951274328
134.6686213645057	2.696250907546138
134.7100309131195	4.370374248956042
134.71618107747824	4.336005790868593
134.80905364367553	2.2869333208257356
134.81166612441567	2.27709102571647
134.94364313997926	9.003407697021956
134.95076496548003	9.064905505162207
135.42639368682342	2.654234647896321
135.42925320223122	2.681334944160099
135.67003728873865	1.084412421838426
135.67077204443572	1.0918958039164455
135.67968815334945	6.589592648704999
135.68473851338413	6.628022144095852
135.89338700715237	5.91048535592867
135.89625699177674	5.988022820979136
135.92958765958062	5.123289538923245
135.93125764513783	5.116649317271665
135.93240074186448	3.1497403603646177
135.93478657192352	3.1405993225455076
135.9429494363278	3.3489849637678133
135.9443721983147	3.2967604208674
136.76355688983773	1.0231254351433212
136.98444993680917	0.16871142197250688
137.5457994941513	2.646101817185983
137.55101074589672	2.6313453745143165
137.8218612160154	0.7709795014143097
137.82450506084018	0.5411360580183906
138.1064864448209	8.83420688770982
138.29845936368835	1.0235615461521341
138.30374700493178	0.993664527177488
138.33312507772087	4.496574308213853
138.35086794770203	0.20465059291764345
138.35353912807045	0.16925101724151834
139.34703952711607	1.0463164427036968
139.34922855184055	1.0409147566777697
139.46012761180054	3.0257983097490895
139.46594415767248	3.018718272306446
139.57963147416305	5.113480277258792
139.58131906618135	5.118151270838655
139.92186987176046	0.13993651517731412
139.92772737055995	0.13426459028149432
140.01217826281498	1.0450442589630173
140.02066819776834	1.044040485071644
140.10690890758428	3.7831614830556326
140.11412181027666	3.804822414678556
140.2053105749661	6.0972736449366325
140.20886927714332	6.126767694457503
140.39488417982838	0.3193374617195426
140.40000425246856	0.32280213624442095
140.68155896395865	8.222399417290067
140.68356750323136	8.263533631473285
140.76225450523745	2.0295322034460574
140.76370721789124	2.0325344559479275
140.84832885059257	1.231122973544487
140.85483753122142	1.256088764410228
140.89710738700973	2.6258160121561085
140.9017810587148	2.6626378243579376
141.00225222865504	8.846217144022804
141.0023940104848	8.858760931196176
141.03475155755078	3.0097665358796335
141.03939433161042	3.018044323973196
141.05525665706912	1.5491513413330613
141.05991143993984	1.5647251590399938
141.10517808975285	4.055373703612084
141.10613791000884	4.08828226598811
141.13291017132008	6.477359838464251
141.1335463228701	6.452122808758968
141.15538957228853	5.465969497863178
141.15737378739857	5.461307951714734
144.68400141383594	5.809194133716677
144.75589870580876	4.621915249476744
145.04413534276878	12.386980249114007
145.0511685617733	12.453548011368829
145.1765671079691	9.903084392930154
145.1827518138804	9.94171503956645
145.37908875568394	8.19468306626079
145.38795065818715	8.139418269711218
145.55978199262367	5.918444381852945
145.56692384452214	5.886341562582829
146.05675584653622	7.8155553401555595
146.06668144041666	7.731288871942398
146.10455746380043	5.555757408144136
146.11360253984878	5.531758290029046
146.2130831466036	11.601126714917276
146.22212006458443	11.65410793546255
146.4605037829361	4.906959758786539
146.46332359058124	3.418001827991673
146.46509383363906	5.185540586435592
146.47241998767956	3.4742698747394027
146.63680018409943	2.9917713465911753
146.64141166539798	3.7828167961155477
146.7761151344685	8.195469040332258
146.78160099873645	8.10202374704201
146.90121294081987	5.013581578909528
146.90487660853213	5.009345288537251
146.96534689135876	10.40904560764628
146.96538131601872	10.320952674502276
146.99519416499172	5.894997793097809
147.0006888605247	6.947884460219191
147.0052764324759	6.83188198322044
147.04111993153376	2.111373577091816
147.04201770157218	2.1021893969229435
147.05063102676513	8.650401638463805
147.05244430107692	8.786978844792337
147.0715075091106	10.321024542507109
147.79133501692672	3.8179540910475556
147.7940135728491	3.8132547874383262
147.86940655834283	16.765077219122226
147.87193491708152	16.750381679619696
148.11429159395098	1.2948130512900404
148.11969144687112	1.2978252022940646
148.40195063735095	0.2252860887214367
148.40612756365215	0.22469089495965275
148.4853504706827	7.662553413240603
148.49305071516466	7.638012221034518
148.8130636191951	0.535215551513352
148.8184327850292	0.5452803383170739
149.1863124910853	4.253706284873466
149.19694872312175	4.205477824899033
149.4472719861623	12.6470361111537
149.4539088342524	12.523223354794373
149.5006771178308	3.2743820144386206
149.51157890655557	3.264756284780041
149.66472620210948	1.4065277929409639
149.6706869115405	1.402401961445138
149.68164063079098	0.4710578581535353
149.68865573060322	0.4665841082790669
149.69762786308138	2.5514949655744745
149.7067503388154	2.5007392383982676
149.80556147795699	5.16023175735655
149.8149095932022	5.042979471697266
149.84369114942317	0.6941567428353279
149.85189359969422	0.7001839020942856
149.87886865754686	11.665225752073829
149.88253099405415	11.661637846967313
149.93056005023888	5.695203452174428
149.93957777536363	5.688400573996282
149.96342747545444	9.444125920380808
149.96682074181643	9.316207799114043
150.00502740538295	1.5223188112306436
150.0065679838993	1.5278732013262253
150.11487771327324	2.487532274846485
150.11795038347276	2.510699953435272
150.18281878156424	5.975498298356435
150.18317765561056	5.994533823904886
150.31585929753987	0.3204482218058827
150.31703521964212	0.3158759404693137
150.32805517699688	0.40056220900970163
150.33277035582958	0.4271012042770337
150.3679911271012	0.22365389050977436
150.36914362491473	0.1989265315671376
150.40007623462964	2.3975229319601845
150.40074494745227	2.4115189080776065
156.26823066859353	10.911252191794778
156.87590066183685	7.416954825027448
158.36083515640635	35.70938772602087
159.36641634649462	3.2171702535009583
159.479459037468	9.559442029358825
159.48760582261588	9.530179924313073
159.5984878906859	7.5562514082566645
159.60620400287837	7.539464391657908
159.72288608080942	5.4259173096081765
160.46105664703316	15.539024991630004
161.01023351877419	21.971450172547442
161.01435187708086	22.002890278035864
161.18287325886592	20.96433658718014
161.18508083075784	14.265969555928384
161.20108114884133	21.118087283876786
161.52355730621466	18.233463313903638
161.5636879263764	13.635441599184139
161.57700755081135	13.702115387676047
161.5950359872905	2.6634259003154206
161.60989586089337	2.720942333823428
161.75514362820732	4.467063069503547
161.76833923956886	8.636162500762282
161.77050084553795	8.623514772408912
161.77444338299583	4.500089439186659
162.01249990939422	8.175516136820415
162.0272263336882	8.096902718492043
162.1940104202647	2.759802541497969
162.201752019682	3.8454602712347024
162.2893517372725	18.498392272168957
162.86770212716021	15.386355563121434
162.88189617629666	15.444206021159651
162.96212309689142	17.61417758892691
162.97813666762931	17.68602964508513
163.13518269947798	10.559248445992303
163.17350559457554	11.429584605950454
163.18168387043568	12.404261818282233
163.19504522158226	10.34659892747621
163.20892255040366	10.573131114650108
163.28843620426625	5.483686701393788
163.2914304776991	5.507510652312212
163.47758490731368	5.9397368872118035
163.47943439205315	6.036056176056873
163.57003957274583	4.374792858376705
163.5789151915825	11.422474512554341
163.58303553130983	11.33878924349238
163.62593636095392	12.46079038274138
163.63069026648319	12.50960300521123
163.64051112680002	12.788097991726938
163.64291218386506	12.954184490458458
163.7273527364139	19.807827485306152
163.7297104408458	19.910365036593802
165.0139436606778	25.693988280491734
165.0197865702169	25.67887451468772
165.50403046426499	2.7654975108705555
165.50907181845042	2.7667378346719036
166.16408977990696	0.3429975872560192
166.18518309704342	0.34108954669533786
166.54446112369436	16.777814827377558
166.55058435471776	16.751905736223208
166.9700619182833	27.799274187636264
166.9961587764686	27.62764449553771
167.1225542623426	3.73218234533705
167.14709049537194	3.7296172626940147
167.47408086756974	10.619710867732142
167.49728529700425	10.66633918909033
167.6092072823158	43.12931450108174
167.61313996695966	43.08044954031587
168.1230613516054	13.227936675421645
168.12916288547228	13.192474774542017
168.34392356116058	2.339585519565879
168.35896421601737	2.3560655675653543
168.95846036823704	20.09343028255041
168.981205744557	20.166652739448118
169.34222014942296	36.01997167031253
169.3449713259913	35.958152736037945
169.92867485013875	5.949188536405266
169.9560842008459	8.068831587850129
169.9589221726187	5.866118293653804
169.96581839343708	8.141928712159217
170.26296091224978	19.515165157464878
170.28391026843198	19.095768783912334
170.79899187614026	1.5656377838236157
170.80421136485782	1.5836233339902204
170.9753595601996	3.5084026584462036
171.00152370566698	3.3917475199475686
171.35347481077213	14.205725455991876
171.36142298271452	13.782045287755887
171.51438304433987	2.2739777653745223
171.52805755115833	2.2225025568712016
171.6164934268058	5.1850971672007
171.61703031333352	5.191630509084584
171.6427348530913	2.7300264533081102
171.65993088718452	2.875643293807984
171.81747878508077	4.318490679687052
171.82214352166545	4.27915682045902
171.84501878595097	37.02205443293209
171.85672477501558	36.94905335484996
171.88429620649958	1.1775379795084895
171.89306092536995	1.1157458926225736
178.9595971641659	36.93651178170403
179.23047271204848	49.147406342882796