0.	0.
14.454682554075513	6.019690511443511
18.705172665029956	238.4743138346611
21.044522616813197	176.54876066660873
21.7620855658843	465.4316313280548
22.14996937160158	286.708896609213
23.815323387478415	782.9873060579876
24.077354439557325	43.348886704300625
28.92687942598972	350.49791126675495
29.14599946015253	361.40705488008336
29.22530821039482	352.1590961235549
30.377986179869712	139.05610694732457
30.739305552508743	1000.
34.14044982683162	952.9270294413669
34.84048931952716	34.809768159289256
34.92643353993418	64.36151608314175
35.980756141380326	23.503702501703955
36.161387002612514	141.62168123696935
37.93345066962413	134.5219278007507
38.18438997061784	568.292776371659
38.63569070250304	428.51469028099604
39.62137795485786	95.01339863271363
39.892238882145165	511.73059178458965
41.029584994004644	1.0510595007933181
41.07375000167648	585.7767714544731
42.844100995432896	56.40046810790092
43.31125443958579	36.79129153282829
44.21059370455044	17.251204433970095
44.34792007142178	20.89532607635818
44.362907869835624	39.33793738069061
44.37673524712128	151.63928587514798
44.583721430051746	95.67114246499119
45.18655902589281	85.97426457892149
45.65150133248107	14.771099220383324
46.24342229637416	36.565765315060005
48.576865089366656	4.578442100070769
48.590837262403895	25.551757629766744
48.74534942480062	166.8447120527886
49.30879832915839	0.5855361609910847
49.35024258212986	18.44458294249369
49.359784425766975	16.58989509780121
49.55382807782088	65.19270737449094
50.34954081297512	1.441329584161016
51.48820880985378	97.9815789350344
51.947036268382	141.20195644008533
52.64360715982793	19.06517192780755
53.23829234617433	33.31799636405741
53.27751960801787	111.65376545647236
53.410091332992586	24.342924189936483
53.60251897755857	86.12443311231577
54.12925767935158	30.41457088831087
54.91782716448405	88.30096094460123
55.306794999640644	47.69065732551289
55.44778545882999	288.74525516677284
56.19964919200377	68.08266016981688
57.139887297712704	3.6103064843979302
57.827844946390805	66.2457001207181
58.29496977741045	41.2317294451445
58.35652968671082	45.11405880778396
59.590152305490555	5.126172200973759
59.64525418121572	10.915534804829585
59.74604062314762	4.535717018906174
59.924966499258694	16.081721103518966
59.93707396485967	31.59843687482502
60.42740237752883	27.83537521669263
60.60511367667555	69.6331970880869
60.86281190940358	59.900133167384155
60.926425020227015	67.45362574402918
61.469837925221306	29.850706208374167
61.83237673769788	235.06132174767313
63.08370382870837	3.0644538445432072
63.20291539386048	151.7002449818166
63.23449944532268	180.4711901656918
63.43015681407355	32.025502649135056
63.59219489755416	34.160107100040996
63.894057928993895	4.424357045016747
64.02319044580732	0.6274273101364668
64.05815213705289	15.936164279243668
64.37757534355119	7.431747499667608
64.43387228304579	109.60741720755819
65.17115739823743	7.737106229075234
65.8767385330406	90.27083311670596
66.43963571216688	127.48331174792004
66.5881021921799	26.95167675608587
66.9248262014753	8.724287358808338
67.53563117066142	22.970601724251054
67.58793447446055	3.3794585926848146
67.99521937950838	0.5263658447260812
68.16197305395926	29.31332408452675
68.50528888408509	6.544134503438443
68.98684274843514	0.17357416412369056
70.16560180698806	90.53184593092023
70.37871841312507	3.188983102283227
70.45656770561632	5.802043064125716
70.88432970447272	88.14804219090615
70.97896969645714	109.15223566583703
71.1799593067883	0.8873122291156912
71.26507609247909	15.458128330003785
71.84602648390407	42.63779150208584
71.90115264848404	46.954460220252855
72.23650190776027	0.9898201738967468
72.56109182892568	7.457307616865742
72.57376974596865	55.06609965140708
73.00984696040425	5.414937787524275
73.15048419682047	4.836245160056198
73.21193433251133	3.5434134274704427
73.56169225285788	8.088433073999463
73.60201044966459	10.28106209747259
73.6784519582983	18.740135972759603
73.76657261192277	29.929249860499382
73.78924001815928	3.430579280678714
74.09860315644761	55.59657190892022
74.21920598067268	73.05388533935778
74.38909530522395	31.94599382391508
76.29886041721	169.95304469241324
76.4870351056793	1.0822115956417035
76.49781126143195	6.156313685429458
76.7330037675987	1.069704181318262
76.73633064225876	2.549969611603962
76.95726284537854	6.334050384963927
77.09367742309865	4.203619032322946
77.46949071377601	2.0149045560295735
77.86868073846844	0.5127071076856644
77.95766816412078	3.866601984237358
78.11579952048702	8.902671419472588
79.13822197795594	38.07754720694356
79.22681090060071	0.04939562430024384
79.8666964484044	35.58073848978776
80.18084039436533	9.381938448439215
80.21274041817034	32.30222246417649
80.5918795875847	26.948315020998386
80.75193101308818	0.6411129006281224
81.07504610083708	63.24520649655399
81.0889301258856	14.712518309427324
81.68543897956172	0.21782101899900758
81.71475393599624	55.965352215112105
81.880815780714	14.173733731925234
82.1574498891746	21.587498198679153
82.33227254415401	66.00477600061862
82.84657157701747	2.990055113666774
83.00245552774774	4.0905014288970944
83.07634666948725	7.226213201933281
83.41710997740316	1.2517724461763144
83.48278845590087	110.86761340397341
83.54362005061587	0.1318397603232693
83.76410604524044	1.1304568731192852
84.00073706960141	22.139040295109943
84.7625948195534	7.254649050815598
85.24140857464471	3.7376025584755945
85.25350075661682	17.6506352504326
85.34812152302953	0.6530542414042899
85.823292152646	21.72302359965529
85.92667215326506	6.303028427614979
85.96869253061459	13.812687459979623
86.04298024995018	10.620670632746359
86.26184773114106	4.4998383266429265
86.36598714794674	0.044513878768388464
86.68806830965022	0.20263032473921175
86.72680947740668	2.1258585137693284
87.47224276885882	86.16804714417172
87.52787617955923	24.78802380671373
88.32364992057671	13.452550441810741
88.41799075946827	11.392381931319589
88.5824132527319	1.1565465851212617
88.7170000806214	69.14723854663661
88.99825374936529	27.870030534780813
89.11428909721415	3.7166270246586453
89.3076785313676	1.7448308905100285
89.43337503459675	0.2353618261128301
89.60984600190595	11.073520323702965
89.67428523912932	1.0638628992004775
89.74277701563089	3.021383361402914
89.75487275454812	40.5725114238712
89.82898354403017	2.871754986374778
90.30598006135125	5.44500879868836
90.5936148938238	63.614997929425186
90.63876792053861	22.303393837221808
91.31161636043225	2.065559818960527
91.55021235610974	0.0799200125568696
91.75414632727029	11.296639590784043
92.01452868598624	3.6916464786935017
92.74029271334274	0.3797474866425551
92.78225676053617	17.659658341046253
93.38662757374775	21.43745452673015
93.52786527248365	2.891454095041118
93.70630007009534	2.997780938466507
93.85164664833836	19.364176167253138
94.28783007763607	64.97623637172094
94.38072987292932	3.1211762072243725
94.44622187656054	32.256890533954014
94.91186542221972	16.291564597427517
95.05017228417785	1.6509718160951188
95.1318447546274	4.547402006766414
96.12852041269106	7.485166789643932
96.2160424693086	3.094736749913857
96.62223817780183	2.632253771179926
97.05722738922616	0.4869088176679646
97.06941550927203	38.47114276384417
97.3812860171229	27.452964675759105
97.54052108045757	27.382610383754024
97.63565688670708	1.043947276047691
98.02276694505088	20.362789694952518
98.06509572375228	1.3082477308511447
98.0935775624791	4.283382064304043
98.10416119595395	8.798777692316998
98.13591072244381	4.172270471523525
98.24335980130002	6.331543404861718
98.37442939004653	5.3481563048436165
98.44857350277235	9.954558872727073
98.66121680164044	0.07401960903940956
98.69056048058073	19.67053542945238
98.85686970557484	28.865677969825196
98.98655702452425	0.33518068660468125
99.13993062714655	16.816269131658654
99.30972789567511	45.12865272498577
99.45672528592212	8.571624477999245
99.71900699254994	19.62485937548526
99.83673985608459	39.739035338168186
100.4162099453312	17.712619762000653
101.13143068828447	0.7015040114982415
101.17414975229073	0.655835142243754
101.18643348091513	6.41567233107789
101.35407746867193	55.94205922170457
101.4469290627385	0.5990941517362733
101.66982329624669	3.776844322275495
101.76608719942402	0.3022985810396766
101.79819797000351	5.022557185939045
102.02215414122244	1.76647359239852
103.0101125942671	37.47156999847352
103.48689376024893	31.626804054612606
103.51005935244368	3.4776186191573353
103.54239034955735	22.270206945113713
103.5498374864235	0.461653959332028
103.62862786054372	7.690899561212726
103.70156466043338	3.4479386524384172
104.32937219943298	4.776446883191731
104.59650689607916	21.711956113851993
105.059093699829	8.403934996512218
105.33626575410446	17.222516624130186
105.66069493000795	11.192562990004879
105.8314664916954	40.27421152545517
106.68499932091633	5.00695252411173
106.71781799376537	33.79542435167546
106.80536210002347	2.8888311887260474
107.12883614056037	43.36956777868474
107.4359469629234	3.59629423251822
107.57792979450032	2.8946931109049423
107.8392646039355	34.27906152662881
108.13320656485381	6.455408534099912
108.69115590030528	3.546494959482548
108.79919292154284	5.601977420153086
109.22613316875072	4.899187152048506
109.29015800791589	18.821628246428805
109.34567408551196	21.145603403056548
109.81088952734065	3.2824264370765
110.18128699592617	2.627863076421172
110.46998272916676	2.5040264156864835
110.52072971853592	2.825197682455073
110.61366824600597	2.304718995047023
110.67906848262969	46.61779588560575
110.70406643742169	37.66860569822355
110.74887898697011	2.443254596788719
110.9109293105078	4.599292889310377
110.9376976345268	11.627866204603414
111.09045540303445	24.718343407158166
111.24598010888805	14.494699523253125
111.39040897859651	2.6493559738846217
111.39388667852604	6.12655672030537
111.65372412032416	16.464038227169898
111.71353705596964	35.936608399281674
112.29751641522215	0.16648347290568885
113.08349255931489	8.00511605505859
113.10456486798277	14.069190403405312
113.22024254181576	13.916311297564386
113.25175878016667	33.56289807035499
113.49666264134002	10.654298246029661
113.59953177119384	8.658485101655222
113.89529374516097	90.1476231199011
114.07779921296223	12.293674105068709
114.11756027541942	9.305208608658592
114.27655709908375	10.163287915779
114.71216735999053	0.18869189770705574
114.72548309212603	12.559936478972727
115.06657360902898	32.47204121282208
115.10927980727874	34.55874491551253
115.65236036129099	0.23644551625928942
115.84828092711949	4.964628825295782
115.99608010665429	51.71627860812116
116.4595412568327	1.449890392548782
116.58921250438586	6.883466752683493
116.600076251177	0.4396522690456843
116.62436985878954	43.83207433809433
116.71817575378932	15.024066447513913
117.14111439484884	44.969359746862246
117.64294155562156	3.0964674441456266
118.33549316735883	1.2467828074602945
118.40872813345483	0.34045088780231986
118.76476328412512	0.42701498842917096
119.11187145171812	24.112581773179194
119.5110456914015	2.5485457817248043
119.82260520105088	0.15969706601526462
120.28708499500912	2.7362843597865565
120.50751598943339	12.785508406104562
120.61703314720836	0.22070877608533906
120.72473676375937	0.9514245887162205
120.90486239893204	7.632472976889284
121.10418583267207	39.32184590606887
121.33876854308495	3.1795568254170856
121.35387839498235	71.23639594498023
121.42468290534394	4.844620024395367
121.6818370568119	13.448712462269732
121.89891668510836	77.92909558183541
122.004335139928	49.703210553375676
122.06135408253348	1.8200850484722226
122.22881820581088	0.7732420986616851
122.30603846576349	7.544113517411818
122.68432471363933	2.0174747301380664
123.17960877016915	0.3806677494088566
123.4370900471594	37.350256608019926
123.44091291003771	21.460189771351633
123.5656013586032	7.214663647230388
123.79408926636448	3.6786411053756667
124.13502256960001	7.369044376123993
124.24903055623363	0.3509518075815975
124.36117551538592	20.97809533645421
124.54589696683956	1.7546725138014496
124.71334642760569	4.148894719668908
124.95380634325599	8.43960513671629
125.22067690141766	3.510277430556515
125.36281934265624	13.298864659509695
125.75501785001289	2.3838928044023344
126.13718907014221	46.278024857067855
126.39799409561158	0.3708537651626548
126.63860517736703	20.40007529305572
126.92428014505072	14.901656124422512
127.1979344127935	22.60142815574725
127.30420246729739	17.754004412664326
127.46244350429639	31.030703033936216
127.8276811992903	1.1508161547385412
128.00033832414186	7.144172708103806
128.04023997822767	1.4821963450160314
128.38989469601776	0.7953030675634851
128.44338750131524	0.7166453306241833
128.47940046675296	0.6109347470368165
128.49278654589278	3.629988522836593
128.66904289884852	60.96746291221376
128.7898692328253	4.1159653771690605
129.2378376815336	2.697742082759885
129.7127609456386	2.9566519946392225
130.22160102369878	0.5150322295876573
130.33565741294888	5.284949306303548
130.636551920364	2.8347559180916893
131.00807947243126	16.16269576762458
131.47096124164034	0.660531147769269
131.81921131367847	11.25126037456257
131.87119500810712	25.898579007638983
131.98815567351195	0.10857637420915431
132.0022501970475	5.1085471337157475
132.04456469665945	39.39229949269719
132.18793944112923	2.7571494961995366
132.4887199441445	5.722129139961792
133.26389446045243	6.792861166628095
133.30707652513487	25.145926994607827
134.46641549287577	57.98516447978615
134.5070762746371	22.25625498819439
134.88785456983837	6.739613543362344
135.2071863344306	31.708497092868836
135.61582513719236	10.712490204910154
135.64803848621435	6.339168068025973
135.69302272033386	42.60147931753642
135.81315802920676	3.640769800160697
136.00886799210167	36.96974122571387
136.18889290711152	31.55281892925295
136.32528209294134	0.529513261604368
136.45959426794929	2.2664076693914295
136.47369799637985	20.791144932990385
137.00152361299504	5.558572422233377
137.20394382355192	1.1918221488144904
137.83869799778896	1.3625338663010158
138.14207178372132	4.482428533178571
138.51652086422644	7.342851440485717
138.7103150039581	21.96966384408607
139.39504860073808	37.58963274040402
139.57363955581638	1.0262572093305489
139.8016339285504	0.7050760518179282
139.9115639499379	55.107956196178336
140.63772185709485	34.96583058559637
140.78664841057756	1.5104705711438562
141.35978473293602	66.14293861673052
141.4179386626361	20.504850206172325
141.93114295496355	31.58698541063632
141.9795250199129	35.33773197138224
142.4212271795015	0.12196132908683313
142.43575362441155	4.194989159093052
142.95158434487627	0.5451256793180882
143.38298834385287	25.283463939943424
144.27170341250618	98.08400099099372
144.36699505995009	57.28973408843779
144.81622488554106	58.160461584442075
145.12081783173218	21.03064751501051
145.54425298352564	13.264857783048745
145.81863880512836	3.2199304123034733
145.87607205799895	0.5175149361431225
146.06185522045402	20.601241316903646
146.11820012111244	4.18249572445455
146.2180397421936	1.3664689918974782
146.4607897436014	87.21140620272354
146.6376514629348	1.9021812894980887
147.54526014578067	2.388591853237668
147.67150179427543	11.430526270492946
147.8029294008373	22.131426458938925
148.23493618134475	2.9632734571273502
148.3652783385765	4.512549380631643
149.1151445634446	1.7631713533666487
149.41317121661228	0.38420151529226443
150.11727240323705	66.65836927496981
150.47492404299163	50.46087770134487
150.86971770087538	2.875274361893574
151.1290661501981	0.8310226506006981
151.40887049318468	2.544798731560665
151.49658080148492	5.965403057824217
151.80198110152008	41.41436673760404
152.3179597994428	8.804049817379047
152.43785189761508	17.688738899684832
153.24811711050563	5.824186210576127
153.87227918959448	12.24940360443742
153.96023821632014	90.30783573907127
154.35225570584075	63.22526575248124
155.7405485543064	29.896717419508075
156.5535821314226	5.402834758109873
156.88168768234974	25.086982095610225
156.91469875519493	9.72864285557978
157.78503652460793	83.89807796306661
160.72180381682458	7.464026018596602
161.16599247261288	13.62005711188597
161.39692373140034	5.518092601343406
162.0467394639044	12.858940650608167
163.2212250616027	0.31778983081481427
164.29277715104425	22.991255943614558
164.39123244115387	37.95205402132268
164.5445514720202	85.07754300531064
164.61746766619882	19.519654673227954
165.45698203428904	6.99701697130711
165.88653993128787	5.369025641377422
166.22092029106855	20.70252160719385
166.7591330592741	0.999572486871538
166.8118484750952	3.359518517849474
167.2317558106624	39.89756285291457
167.90159943533956	4.275569629781781
168.12268396352863	23.052596125251526
168.16974135662298	1.903345748114606
169.85667770406016	128.00380334826326
169.95311194389734	52.099495231790954
171.53048016288506	44.31710927923717
172.1967950545342	2.3835606296829384
172.91165962639258	141.8917394582055
174.54139940497853	366.26945175076355
174.67877814424185	284.1649597207269
175.00131635143094	26.858584158565176
175.59086378666848	203.63840243851914
177.8204263244114	271.2615741942857
178.32304929137658	340.61668082545873