0.	0.
13.885425676923871	871.6650518035418
14.07468933959135	1000.
14.207598450646794	889.6498348555639
19.60030568123913	102.22179526343795
19.915868359470736	67.48792822606435
19.917030567902188	67.4578497690907
20.039178791151258	68.3843020353023
20.047718902486267	50.00515916800904
20.052764202694064	47.99603846829749
24.28929984071672	127.6824157005015
24.2925422877961	127.6252835624379
24.647609858062083	120.97385014846346
24.65270641985047	120.93271964323709
27.98014504631354	667.9104187539274
28.367507964787404	662.8083412727655
28.63968139442898	761.5205743364355
31.16429626004276	211.84321342448757
31.42835552606003	169.08462233089145
31.512084067999	180.32421678655467
31.513598946700665	180.25593956248275
31.734708812128737	178.40877435617412
31.857747225345193	168.66461932250587
31.8643010414421	167.51605054305654
31.95806665568278	127.28102278701762
31.95956258834654	127.3104208881599
31.994541557284386	121.57356041486089
32.041832817385576	140.15407477048944
32.04835296388632	138.41395455673023
34.40056817470089	16.112621353623194
34.402228282461124	16.119072245572347
34.64074062412297	6.480572651361106
34.64612984286565	6.478726032977659
34.92246857190989	30.389077768489578
34.926873055619176	30.362880835912417
34.942207160428644	21.825933289362858
34.94686457788848	21.868814416648995
35.1602083748841	56.44752795582726
35.1669028086042	56.40586035444352
35.19980455617284	15.220321089608733
35.207179135915865	15.188428283984125
39.80544823089283	235.11193221238938
40.467407005388864	227.0948872809661
40.469846983480814	227.10836226069858
40.726371714070176	187.38150462486695
40.7443130424056	239.04779079729207
40.75491274321672	243.7848119584313
42.467643670533725	62.88684873165729
42.4715946387652	62.87002208824604
42.523683716102894	27.84832997974984
42.831643513905995	86.17090656117172
42.834402711087215	86.16128357538464
43.029912234723135	67.01307449506095
43.038890630109094	66.95556360473415
43.1290418547455	54.43103559897048
43.265308187737226	74.69269597348058
43.272665855927244	74.65385093140165
43.340815398100105	89.79715849590413
43.34700925362583	89.74053397270045
43.46313633454768	48.746473212193514
43.47434458730841	48.723327573622626
43.55483212916162	57.613653817052175
44.69398986039222	38.91394422151953
45.05552577931391	20.670315295247384
45.05720381502935	20.66263481496519
45.21171543830723	7.452882853832407
45.325212893092306	27.20164711189786
45.631218767480206	4.876372301134787
45.63847749836188	4.099329690117959
45.837343008542454	2.155870733062199
45.93267031843249	5.942071926466012
45.934323293433415	5.930605414935512
45.99348934858581	4.725426335363696
46.00070361203796	4.447195862725391
47.13362917708885	6.602781722091558
47.13436870401535	6.597417025589432
47.62782034411296	33.34092696873311
47.634308178534	33.32014917505909
47.738132065687246	2.6573719793642567
47.74207404690036	2.660130577609731
48.17898391775616	16.33639890253158
48.184353213290635	16.324911726756078
48.22867844863983	15.730106584924027
48.236166731368684	15.725191003091952
48.37676117403222	14.593133226770728
48.385291345328106	14.592273141204494
49.76527728840146	117.36949802728441
49.77226585622089	117.30181495607883
50.538502489558056	96.82607607772087
50.54951464387499	96.78980702012471
51.339272755215895	24.680764822528783
51.631452345550095	42.43079583080544
52.072055708514824	15.602665705834065
52.07506715960261	15.611888135232366
52.47375554844648	9.651327402443
52.56606549326688	40.115495942172764
52.56905695800802	40.091217355021286
52.58688580396772	29.075296217903418
52.59995129533524	31.112100659657653
52.761466701940506	38.005928391165405
52.79101576355208	36.213642136394576
52.804045839417	35.695385267157405
53.548636393236855	3.151447826313768
53.55146067489962	3.1515789845386872
53.83102192988651	3.562888936304356
53.836468972812035	3.5632698002934395
53.946958216796936	20.871839971243727
53.94829908913299	20.88450510886434
54.392880276845354	4.586218523104095
54.40467074791997	4.595750597737899
54.494295710997505	14.81686494312427
54.501463109343995	14.800751754815424
54.519437181418844	3.9104221031722375
54.52289256031584	3.9158731467696413
54.649402374214525	28.716583729881954
54.655099899335994	28.70398883144288
54.68380173352648	2.0457229679916353
54.69506452693032	2.0411274870587754
54.88118215669267	7.135414791808298
54.89042985855976	7.118361354502529
54.928398023366434	8.537581290231655
54.935705627955905	8.530210141913162
54.93912624458932	1.1679071006758281
54.952771703564984	1.1643209648976485
55.04626567528398	14.289143078020832
55.06037623748977	14.265741196834798
57.829473790709805	40.965747750144246
58.689706059862395	64.09076420711003
59.29586662452503	80.59409158396608
59.49492235226527	42.880822581024134
59.84119195495038	14.78576771235078
59.84644670649918	14.77219309637981
59.876367421134056	32.405057304032375
59.878198299503445	32.39684739233575
60.10279388078727	25.570979466239546
60.112938328475416	25.56107473512713
60.18334539586872	33.76400147273569
60.28774523784499	19.805105585436063
60.46153363869728	20.07738309549828
60.4707318897492	20.06912656930229
60.71554659108255	25.264949704725794
60.7234790826473	26.259988730320643
60.86578309676284	5.652408534707543
60.876423225670564	5.656177865778713
60.97076001588113	15.075667452672695
61.125657380416186	23.164022586305578
61.139316857312416	23.14524591414294
61.14067917290265	28.85137119306936
61.155240646789416	28.811260500999488
61.223362101844565	18.268466933740992
61.225168837308104	18.27958197078743
61.272472330318514	19.623166422985054
61.280362194277	19.59544102320143
61.412456448831115	15.327974859445789
61.50847232464543	10.004716242092321
61.508638589352216	10.009351656761535
62.1817805632398	16.523451047976693
62.18552682558779	16.51451004534207
62.28238822332275	6.077308577434489
62.289756619370245	6.072211631003229
62.500272808206745	7.220383313329272
62.50428975750174	7.213304285249875
62.92690996255884	4.0649999732009805
62.95227271127702	16.983094892639325
62.95649050069981	1.974624337487431
62.96048561446263	16.972963091619636
62.97396801217213	1.6799860290039195
63.08249370211155	3.352956065293131
63.08847719809909	3.3658254086977477
63.24748263986302	2.374667408407215
63.25700409491479	2.3666132950892136
63.38784954347025	10.196358375212254
63.39232514995438	10.189259782487673
64.17634746809172	2.415207334750232
64.17815395467014	2.4099750581510304
64.57495986824985	11.501404668666874
64.59088095311988	11.487665694990497
64.667316697134	0.8260207862194816
64.67699990157897	0.8284971711893904
64.87495566937336	1.6413427082198262
64.88199885898574	1.6409128378273878
64.99182273510752	31.583711875390275
65.06693423629204	5.623144810600984
65.08541042056743	5.6206392663930265
65.59578737253965	46.453662562809136
65.7876401063022	26.062147108905346
65.79111279550595	26.072731313272808
66.29857649416341	19.985030230553974
66.58147411974886	41.79632060866803
66.59655348393747	42.17131413072555
66.81241033825997	43.7958533733526
66.81585587106298	43.80503283141423
66.89643760691632	26.41351045931112
66.90998668947732	14.948059170672213
66.91202591710866	14.950083023444131
67.00543174671537	47.406648556624276
67.02046336847374	48.54379727802384
67.33958947283274	28.431344686601186
67.3399061768429	28.430225646004665
67.50283829958634	9.746912722485288
67.50947002983501	9.740912918405476
67.97968928836376	22.625787520577234
67.98683730978792	22.619631153032504
68.07395376291491	13.12732663459595
68.0880165219988	13.117822138725504
68.19632770579949	23.895179297470897
68.20175930020545	23.88630305575732
68.51087707531335	18.599791581661034
68.5149090560426	18.598900325627152
68.65365487135203	14.336275279447108
68.66681127380856	14.3237124923553
68.71330842492783	10.06782350072081
68.72900859852993	10.063511383994143
68.78464564799079	25.576171242539626
68.79291680983508	25.560527193164322
68.82697449276557	16.72539716471016
68.83779052094044	16.71600408054244
68.97114291904859	10.840286993890738
68.9876640021957	10.839205763916443
69.1316407315215	10.505999891666496
69.14020540621075	10.511678372707765
69.54434461088232	1.1570913207995117
69.55161847206338	1.1588678904077048
69.78475552675951	1.61396277524404
69.79881319176103	1.613660941893106
70.49058762419396	12.224791081439694
70.50537779746328	12.214037194016562
70.55576229735243	2.7429189991146883
70.56928707961863	2.739573422883303
70.73082771583783	3.8419228401699326
70.7498346635578	3.8336188908006967
72.51647316920881	21.794249232530188
72.5204065979457	21.780743374294133
73.08638423542772	32.35478814134169
73.09919221993674	32.33704824697094
73.75711564087952	14.255786090515496
73.76762094444655	14.258538333115911
73.80419955610043	31.641979354782915
73.815310984273	31.61797653458236
73.86869433690691	19.904157067255845
74.20159618690093	7.700087276067833
74.32501455616048	18.668510838376754
74.34103124595708	18.666346059216234
74.3691177001321	0.4960670513023422
74.4197703183448	26.61988489994228
74.43742350240557	26.618779932106943
75.09615444975822	15.11502745427081
75.10107065084618	15.106206676735637
75.5527556853555	5.086751782515329
75.66183529651836	4.607622174223561
75.66673885403895	4.615651023981116
75.6831579613899	3.4728295932088122
75.68687912953764	3.4736289695301035
75.71921946774745	13.497409207219427
75.76430488062861	10.26730972249431
75.84363322026675	12.021672158834912
75.86503931712521	12.50099223447299
76.01214213405648	0.15727504898385028
76.01804848845498	0.15705393032686454
76.049246673941	2.8597710153961593
76.07793028983727	8.459600035109913
76.09931452763877	9.095850794762994
76.18020208604835	5.140751829010794
76.18224061776061	5.140450604067572
76.38950001866634	9.315101746230143
76.53062303693392	6.67697005340429
76.56548697771557	4.833550637091393
76.56593769502777	4.840940561457939
76.8936729322959	1.8723176909641286
77.17181267844067	7.974395783020476
77.18200704748577	7.961616029494417
77.20301863168757	6.347346366641673
77.20524198320163	6.356686199730236
77.25980615338146	3.0371421760452697
77.27986860958057	3.030651101020203
77.35106029149266	1.8469485764995952
77.35992401812551	1.5233965241040148
77.51723875610811	9.78463393958751
77.52417551861005	9.77869424863327
77.56532933611199	0.6902744576812992
77.56558511357154	0.6900045084890932
77.5691380237833	1.5234578638757872
77.5887709538546	1.5293171683970348
77.65553111717972	4.576457723839017
77.6564372467175	0.08636164653056502
77.66747691081517	4.5681246007889635
77.84416164361868	13.501545891040664
77.85245416920748	13.497156422751772
77.86811342434426	8.393809288475257
77.89055850845547	8.38285936739479
78.02425412636046	0.38663704765210477
78.04709084611082	0.3847585462176039
78.10521851968376	1.0192013148962953
78.10724147832153	1.016464774399905
78.14853369131083	0.8104219389500102
78.15737068158921	0.7456126997760929
78.26876976619914	4.894554173499348
78.28103020112266	4.887523065118502
78.32436845406355	0.8407732734439922
78.32815607807792	0.8396227555540127
78.6826143791895	9.954953495613898
78.69103076222177	9.953036386243829
79.4400095126362	5.479994522507029
79.44920985887033	5.4792808676388995
79.62971687194577	0.8006022336243946
79.64916487188022	0.8000061162349577
79.77966148474465	3.0747165058618147
79.78643816763011	3.071763672019807
79.9288192797013	2.6076987439995323
79.93961371386095	2.6099145922743747
80.65709574705585	1.7630103521450213
81.05108747595341	14.968347055378416
81.05838752400811	14.96565844375623
81.37280064071128	5.787518911908687
81.38439421624322	5.782678049845809
81.51722932308317	8.028634899655566
81.52291916396608	8.030697058835171
81.53966412730638	0.40048368613099355
81.54366672025441	0.4017765908966224
81.62887985349207	6.392143875615269
82.0651451923648	5.2300099248063106
82.08370404353919	5.223045305749009
82.1620710034006	0.22594368194990624
82.21872247980865	5.216288649215092
82.2278939694102	5.208353033204771
82.42820214269462	2.0604525911697364
82.42969513157723	2.0599237350867905
82.44511116042416	9.129919586818884
82.462854589511	9.128126198017974
82.68694263670459	3.7710338581749063
82.70438166718465	4.4026389264282
82.71425425390582	12.829473700439875
82.72950651728934	12.817700519719805
82.85138630499738	10.228454977366153
82.86503797252462	10.225308612846984
82.90199661523587	7.775113692138416
82.90250002818763	7.772984626479764
83.11413451757657	2.0689793128726834
83.13023065999425	5.766176467939139
83.1328580812929	2.0723519414357705
83.17249983028489	2.1986308678440865
83.18882879156959	2.1985379206867277
83.1964779442891	8.869585222788409
83.20046506132653	8.861460219146577
83.26303557908356	14.045956551828908
83.28632830222796	14.025633592026683
83.34166988689445	8.51489240160759
83.36575601288017	8.507261693983533
83.37391827176634	8.228757188860776
83.39133179259326	8.158091959398657
83.39258299840691	1.7227754724362905
83.4004924142638	1.72224650882163
83.64769762382501	5.095447021196595
83.6551619572982	5.09364105354577
83.92491484098544	7.122090340582016
83.93038456144909	7.12193747760207
83.99852092074086	1.4492985721741976
84.01511732942717	1.4515686526160687
84.74535887568814	0.08158175082650006
84.76352427308167	0.08127930255770371
84.77609611324453	0.9878005192588343
84.78080535312749	0.9902882018210265
84.88769469380993	2.7490861908295705
84.89717289493372	2.7471460714721427
84.90848729463104	0.5092003413617732
84.92386577269707	0.5074211896206248
85.07090352540921	1.7093882168119527
85.08355801626406	1.704156776294818
85.20522148837807	3.275077201038746
85.22456595018481	3.2684176276585974
85.81996867809326	14.20362819714126
87.52972148627696	10.703118795967171
87.53606185454154	10.711700538779246
87.57279905294926	3.8936859463823827
87.57813921438725	3.8933805458806794
87.70642067146412	1.3975317070070792
87.70938298827016	1.3957319862737285
88.20425970329204	4.866587878360447
88.25111371662737	17.516621665298242
88.27880242661573	17.75552373692509
88.66071896667886	5.027053823403116
88.67643709705578	5.02541838851061
88.92659909347216	9.144243025202345
88.95573989769508	12.242534693372642
88.95632450719252	12.240754327520891
89.19109597861288	0.18263477721291613
89.20197510920119	0.1823491341884804
89.54467791851616	9.987871282925893
89.55793182013267	9.986799970438396
89.6288874016305	5.760493690385578
89.65498030380866	5.756769925748586
89.65822916340558	5.715705819134088
89.79033809941198	5.777261950012686
89.8036766355935	5.775917503528854
89.84820915093266	2.112480647033724
89.85902607631624	2.1145654958404836
89.95281930123494	12.129473462017872
89.96132193028366	12.125610644342956
90.14730619328017	4.615708781343585
90.16508264414391	0.10194267052169863
90.16618739639854	4.613340578071065
90.1822765832587	0.10148837412819803
90.22252642517739	4.485728337864012
90.25178631424332	4.485555080040901
90.33197184045206	3.260948854735069
90.33791052757581	3.261584351293057
90.38160182348183	8.78136300305501
90.40285888833048	8.767005968294992
90.61619389791262	4.79854850373281
90.63220099078855	4.804598835383588
90.67758975438967	1.6049757656057704
90.68079970423302	1.6039928116411408
91.15881397901033	1.499623733748973
91.40715906693102	6.154777122386514
91.4146223672413	6.153190580473782
91.46520287922706	1.1874866712854633
91.49115778099231	0.9515494521695899
91.58328006598195	2.2003333554227913
91.58922092824986	2.197764669004178
91.62933652905689	6.339212933620782
91.6496634775452	6.330457973051877
91.68284010498174	0.4587534555209871
91.68358976123923	0.45841547660439014
91.89064737809171	0.5201863445930934
91.94755275332251	8.55502117654409
91.95105204603864	1.2975332000964273
91.97188714915981	8.550717575036087
91.97657491657763	1.2950719044882006
91.98497951959936	0.6413484419583438
92.01094156726982	0.5246562896859762
92.42215466434237	0.5560701777431478
92.43329249962349	0.5540501810945738
92.76902530510965	6.55070407185338
92.79381305426594	6.548024184809358
92.8295581133437	11.763982232480817
92.84024195022519	11.757946630340884
92.9089170418759	1.4797760128730417
92.91609509525172	1.478618392811811
92.98118096145295	3.3760116513955647
93.08301874810765	0.8113997672139494
93.08573284892876	0.8083192831607457
93.43875166282733	3.87765706174909
93.46276193181832	3.874164788444911
93.51298481301059	3.6412158708212
93.5242290847535	0.25802861404365796
93.538844178615	0.25958208731089
93.54017027383057	3.6408780652833364
93.64035174751174	1.8620478409243015
93.65020816097275	1.8615481167242551
93.81768995544044	10.644353676753385
93.82521019230916	10.634105996766099
93.88409689298665	1.8823798721241214
93.9120874410471	1.8832893651695424
94.2573837411558	11.760417609138935
94.35924449340193	15.935209400014655
94.38382477349037	15.926783567206428
94.63090728397931	11.066538582789821
94.73655838903899	7.616617798087778
94.7389419675473	7.616260272193704
95.00533426014884	7.20624925393403
95.02558429366559	7.2134684736286045
95.15324130654548	8.861893801410533
95.21330939797852	4.113889978826867
95.23038552123859	4.11653209415087
95.55099159281443	9.559061923415944
95.58198099057248	9.564240002358904
95.8047553698229	19.250558667045613
95.86400695209385	4.361989411920562
95.9441771641572	7.807319254594705
95.95063135290559	7.80900753571518
96.0167132423064	7.701769275089297
96.01736250253707	7.699018630033309
96.38641075850526	6.740915674516252
96.3968541785819	6.966533201811631
96.48270060652898	1.3549458257509204
96.48716911798815	1.354687041682338
96.67593331332445	4.9263524008921875
96.6909574881592	4.929522651383867
96.76229276920374	2.9970322374635976
96.91352502147866	10.251562193965167
96.91766029239807	10.248018985181556
97.44039129790193	1.226389698339496
97.46416292142234	1.2257862712004113
97.48927369945694	4.6670223919804545
97.49166957882268	4.670671709130747
97.53135625809557	5.0910545223667185
97.54182520188196	5.106142788364293
97.62377716482375	4.575752182391844
97.63384891082448	4.5737458676178155
97.9767309320992	4.99127383750374
97.99320777401252	4.992555581850722
98.04050157169384	0.4496912454740373
98.05197343107787	0.4510799785054325
98.1894907111808	1.3129300997186801
98.20397625311003	1.3128929224633017
98.26608312218953	0.6610660584098306
98.28830177739756	0.6613454790158233
98.52515564994157	8.339553215991288
98.53605059463017	8.336944936302633
98.92660467217065	0.4777050858164329
98.93722526563022	4.826523899712418
98.94141927962431	1.9794799723733023
98.94651936168356	0.4772920779206245
98.9607476940631	4.823334996434218
98.97009051384931	1.9763816342041531
99.00420690282263	4.357542565597699
99.14963309157078	0.9704005092786897
99.15773939536886	0.9761466050799321
99.16534679789335	1.553706874456843
99.19564015820679	1.5497744395520983
99.29798074378776	0.6915154321991974
99.31090472222017	0.6886985117040848
100.03881256145381	2.9559954935609496
100.0436373331422	2.9580793641020997
100.48881473033241	11.25352585586867
100.65629964906601	1.780852056585807
100.78270018455426	4.692409342726914
100.78380373878308	4.692891508051922
100.81699112455475	2.130409437594011
101.07532077417511	7.734296289951742
101.33671617933211	10.451233569729784
101.33803324635676	10.454117151779403
101.66882288329482	2.8961945698600995
101.68516728756322	2.8963812219965095
101.70684228112763	9.8740982779179
101.72804105318367	10.506350872950483
102.20614499920923	9.013706493048481
102.22090151855629	9.013310386925621
102.2452660626848	7.942284282259689
102.25366771280882	7.944658280508621
102.27166085215107	3.0750013149426767
102.28147189940276	3.073070693013893
102.31048564894698	5.872685778609266
102.44258592216185	0.15945258946729302
102.4476442535913	0.15949100327617963
102.52945888810903	3.5147036290354317
102.55294439661179	3.5110020085006863
102.5908379525689	14.221071231590882
102.59570593315946	14.229920803360756
102.60385341977859	7.181672174719651
102.60983250755905	7.1814576069689755
102.70239782235741	0.2570724502802095
102.71051472132635	0.25893443820206086
102.77009957263209	15.274339470762861
102.79138393042368	15.65023538754917
102.86324757223869	1.3293607035957007
102.87049467815982	1.3296143119630806
102.96419906474523	3.8859961234839635
102.98468732383355	3.8850307951776997
103.42484832268836	7.0339680330500745
103.43298901326257	7.028519975054222
103.70127745510405	0.9213351182625393
103.86320992781155	2.3348948582508324
103.88129767253642	2.716099290388803
103.89884565410352	2.7859940995945935
103.90349582817682	2.7164539066057003
104.0332350453796	6.423590009585466
104.06116166295331	6.423732125662556
104.09173086475992	4.910214186324889
104.09276097637644	4.90712168535685
104.1049559387878	9.29110528804683
104.1065372435255	9.434288240506334
104.11647379053987	9.288641668462438
104.12522435096294	4.306561999548623
104.1328397691791	9.428809228900096
104.16441578725015	5.77572058275563
104.20009836664553	6.019986239938218
104.20564256393617	6.359114465246118
104.21144779025096	6.360161738600581
104.3406008292216	4.960737919366758
104.35957439235838	4.9578338420398955
104.36062844950108	1.3938364311528186
104.3941037352664	1.3947537380739088
104.50794247871718	5.85989346047163
104.52357072623003	5.857545658062021
104.64553926570996	3.9158168249892644
104.66944986433413	3.918242679045487
104.85299795122062	3.2682133865048764
104.86055306164265	1.2432690936469917
104.86834850948642	3.266840931726657
104.87051567756885	1.2417423279024937
104.89560556954666	2.410926056281474
104.89636161779842	2.4170647391214186
105.20943663236433	0.9533079137975331
105.24364905874114	0.9570203466076106
105.50420021197401	3.999324345687956
105.5077872656615	6.35075174554601
105.5170222030465	6.351808531482357
105.5213934166853	3.9908106355160706
105.58993980464821	1.5680557915295774
105.61217000461964	4.945932826850606
105.62380385271399	1.5640754376900228
105.63541188615176	4.942995838802502
105.93459523310021	5.427443490644015
105.94523677571463	5.425535486842105
105.98025947240826	0.05909074164202438
106.01789592014008	0.058691919253614666
106.19079521473238	3.986409442358368
106.19305290586205	3.9836497309406447
106.20677718217186	4.284445854178925
106.2448690099663	4.279635842939737
106.61888392646263	2.58741627302975
106.63976492738102	2.5835454005904452
107.17677370337174	1.180354968193493
107.19928541818632	1.1776572346399834
107.38661650165986	10.062555815041167
107.71154503890928	10.496533437249449
107.73167359299651	10.497095282589784
107.88934570010717	1.6642496244346061
107.89972685228985	1.663036634842196
107.93990072401334	1.568494609321393
107.97092092583138	1.5678136594895293
108.0155301585653	0.4290624306995585
108.04906202093215	0.4288940991127071
108.05438100495046	2.0198169402334116
108.06665565433262	2.021270725121315
108.32005295272478	7.156354321622932
108.33493827948482	7.156128185140896
108.68496255701649	3.7524570620519513
109.08682721014178	0.989833422647734
109.09309160627606	0.9875350889327629
109.10076270596586	6.298737195783833
109.10830438147482	6.298154565822729
109.23118004623846	4.724658686154746
109.23416019058075	4.726178056668638
109.43738686822843	13.401789193664326
109.45436129336805	13.395608034079032
109.59461300815533	5.553784450681426
109.61832868811796	5.557230439158771
109.9896453231841	4.522609244437223
109.99962632716948	4.525388321043079
110.0647674533652	11.414322370838569
110.09192591453338	11.426931234122481
110.09247928700013	3.5916280094325574
110.12594730542747	3.5929696558572246
110.21636965095415	5.412639051317809
110.45703063404082	6.587319534347617
110.45909808146288	6.580413370587645
110.54062110125132	0.9582391944269053
110.55043619236777	0.9576419787834096
110.56324114282559	3.055009486541052
110.59596541343022	3.051147389507681
110.66074071760774	0.13018305019440995
110.68399401733097	0.12987804947516604
110.83939369244028	5.751505812510389
110.8727123189357	5.969557764618738
111.0420649859613	0.8761196529633206
111.06113482307508	0.875115458142713
111.25314499513217	7.681533121874674
111.2802032205632	7.675686218486641
111.3508933227551	2.06518267488792
111.3585449570017	2.070922270319466
111.40740173270368	8.84449792286302
111.42063051728519	8.836713065410057
111.48219934511333	4.091105787944851
111.50419355395375	4.091681922120689
111.53766668066265	1.9970426386827094
111.6818552552159	3.443785119315786
111.72249836435572	3.4433029642834145
111.78046905568374	3.8605485831543302
111.81400205737509	4.253063444085876
111.83586846353596	8.499805619046214
111.87740851122146	8.489859162212568
112.091542489731	10.647172805428285
112.09970678421159	10.644781965721043
112.15979616469497	4.0239786671937985
112.19213618921336	4.020605899983278
112.96926161059892	3.142417298856737
112.97279391729401	3.150287160304316
113.12591419198792	7.33162562787785
113.16106635208129	7.328556317368863
113.35324114082819	0.76563923006157
113.38457123079458	0.7709023108568523
113.42817014716474	8.829518288737825
113.44077617156417	8.829787128885556
113.44722897008971	2.304683779330937
113.46631067818456	2.300229093303647
113.83779307323768	0.21813263782731357
113.87443452389256	0.21701877501668382
114.60235749686775	9.269965345300925
114.62583206898722	9.264861023101515
114.90516255756829	9.86795210045176
114.91136734368902	9.866289473900272
115.57951709281376	4.30976849352227
115.58312274584314	4.310392792962955
115.58818098062397	0.4037156907160045
116.26686945989348	3.6667646022104297
116.28736943728548	3.665741997472043
116.65443679426642	8.012229606413262
116.9254120151229	3.792649592811278
117.19867182449839	2.8327858143616576
117.23101203592486	2.8289498157178876
117.2427749313068	3.452837391212215
117.28103532747	3.459837263432195
117.39178653700924	0.1427352257484138
117.40847744346543	0.1429039335750198
117.54613653750637	1.4662622094085132
117.54926225185555	1.4668091909989336
117.56822946246136	6.694790989893222
117.58797810002596	6.695326362555517
117.85263227628046	1.285736639478654
117.87660749290724	1.2864314968290107
117.89048554164508	5.356323552989458
117.90760460610711	5.358670594057052
118.06998649502354	6.660003231030452
118.08453789213792	6.664420642929283
118.09939759702944	1.2898844062312593
118.09988707686708	1.8461824091108323
118.44483120356057	3.0575072132511165
118.46033453306686	3.0519241502279058
118.62908027791018	2.897303403342997
118.63667873346687	2.8965192404878186
118.69788633073836	5.380852321135463
118.72797015317562	5.3843246114343755
118.89262050204286	4.277762807285396
118.9082410296545	1.9002628689620213
118.90943088678276	1.8995992471661136
118.92671318126351	4.285709238260652
119.12278879629044	1.5972651327133771
119.1434279891546	1.601138043125909
119.22243780923453	8.912126159398055
119.26084281530336	8.909064868256834
119.29193577915412	2.017641768984018
119.3184630572185	2.0175137281758957
119.4152142413034	1.054507949145185
119.45703631189338	1.3070631565327357
119.48372111667936	0.0834074317366757
119.48906448102278	1.3113311022295429
119.51664614482186	0.0828913592636196
119.67993695918615	2.390881516361018
119.69132985425239	2.3928663512966146
119.7153279864922	5.249671816865565
119.75665650841344	5.249360863008093
119.91881246034787	4.405392897609207
120.0774177036372	4.38733564224133
120.09823811488155	1.2376843186020785
120.10313367064546	2.833630030514225
120.10833663515315	2.832875908680074
120.11223439109395	1.1181379108444582
120.61821447013365	0.07814894366310399
120.62177870011497	1.192724278562271
120.65510635736037	1.1934243615595583
120.79124199127051	6.156555913508611
120.82232316476941	6.162093127957289
120.89970253126177	0.19312122309183855
120.98501867802278	0.947642627511614
121.03547373273837	0.7456160285429214
121.13993892704325	7.8986890836059604
121.17878777815243	4.9664965174978395
121.21837777913571	4.96030815044644
121.24894867840023	0.36880149385999
121.25040951170536	0.36845296538567984
121.26913925414104	5.3357669840087505
121.30506015672326	5.332720343275618
121.44098468350116	6.946718437754172
121.45471360119647	6.94787505680047
121.46944089404629	0.44445723232296813
121.515583147015	0.444059474430117
121.54971707597363	6.720100427451438
121.59729345374842	6.722610005268962
121.8684392425784	0.5197480031875633
121.87170253109923	0.5182327199988094
121.91679342524282	0.4324918827228583
121.93105939671706	0.39018551687647224
122.11310317348146	0.4586078378950873
122.12155622115563	3.0419540830667655
122.12692118211628	3.0421270182116205
122.13500236424795	0.4561051812922061
122.26267596857912	1.0638399546834776
122.51774655476294	5.2826915261442
122.56669611299073	5.285155477359471
122.66955493206885	3.745408417146703
122.68441028465078	3.7465936600331076
122.7735479644326	2.7565161731429018
122.78484928787853	2.7607059633294027
122.95848670662531	2.5709567611522868
122.97115443287713	2.5701573880972086
123.20529280140745	1.668850846868589
123.21580465357688	1.6686340700706
123.40214105630912	2.922737356017872
123.45632880983885	2.9262870880542335
123.65563752698407	0.42703886826488247
123.66229659049128	0.4263324963669348
123.82341773480832	1.6713544141166166
123.83465751981016	1.669481066617823
123.99938274611962	1.386138078574526
124.01733254899621	1.3892319438436758
124.29825928712975	1.1028757029198468
124.30578951073755	9.978397602316543
124.30891620810264	9.984867262888068
124.35944245913066	0.7877561870226388
124.36027608038857	0.7873717726773792
124.65370458088687	7.751583998612103
124.66525619269052	7.764046099663263
124.73017532960644	2.3114064191032093
124.73414573221585	9.464102676118976
124.76148834773292	0.8460358385743035
124.78467687149012	10.152135308192902
124.80887714759808	8.383944804478245
124.82512413924856	8.38895134346451
125.03165648687366	4.805887139466566
125.041966241794	4.812076507692808
125.11089262399467	3.9488364599941326
125.11343921046432	3.949909496517635
125.38526831553482	7.7731900065597905
125.40541214090902	7.780897593072796
125.4126634794326	2.0036334652489516
125.52822768979571	12.85436131663423
125.57925464453116	13.129970010063214
126.2432218756259	3.8311681579982695
126.29274740450639	3.8331572105694485
126.38015310114466	1.3566410977105445
126.3901387844301	1.9438542615852006
126.40132248020474	1.94481779235532
126.40694867675874	9.286543114671787
126.40803807916699	9.28468397215148
126.41023783623143	1.7621245127458378
126.44187801584178	6.982648261640131
126.45343251446236	6.983390939219919
126.54175750504422	1.0258175172610724
126.57608373796677	1.0243534874423958
126.88428526095089	1.6754242790616445
126.89843479374655	1.6754460841903978
126.9196405383245	2.2968331406879146
126.92743456662679	2.298119379049796
127.03282316190533	1.1964001521148753
127.04209336794699	1.1965057551145908
127.13817020596638	7.7825965224844245
127.16311246964548	7.786978605414392
127.23984344781049	4.4889647545373546
127.28902182834629	4.491259089005502
127.3060450096994	2.2479160381850662
127.35627518635455	2.7617594999358976
127.41051399367846	2.7650779337476767
127.58546249958587	9.48838555449022
127.60055925766218	9.489595212327242
127.82700608995106	1.1153299674286703
127.85666860346495	1.1170672409874345
127.98825695268604	3.5963033811401983
127.9965301744438	5.677686273509214
128.00356394076343	5.6710039532232726
128.04396571654874	3.602384177370953
128.2170969282634	5.4100894828729835
128.22509818242384	1.1675945650832806
128.24792612361236	5.383495036117957
128.27512228865626	1.1679258091711573
128.3638349984639	11.517545056814868
128.39278414394377	11.514924118520053
128.49368539218437	3.908218457147925
128.52436769962415	3.9197100680877783
128.56771847789082	4.676454982257285
128.57934170507474	4.6750558800935975
128.90795059704217	4.653776186909783
128.94290740711438	4.659550150699464
129.15685303461527	0.0856185499241952
129.1891117501078	0.08550324763713921
129.47192610121402	0.2170297323099542
129.49946824369854	0.2173034980541174
129.53481277562923	2.3191050134938913
129.55154123483484	2.3188090821843854
129.74153028072158	8.507590217629282
129.7644095304019	8.508861609900242
129.94819581861387	9.610203987594565
129.99347238126728	9.616755980699038
130.01799359301384	0.7266333830302416
130.02656714292698	0.7292596457651526
130.1398006367209	1.9544951176241891
130.1875990270649	0.37653092285033873
130.20157425030922	1.9522468640365735
130.2156768002982	0.37517445087523194
130.2165450190173	1.1473072519791612
130.23050092743884	4.248045550584376
130.23618098413456	4.243217736374878
130.2666700846756	1.1459572230715094
130.40043510840394	1.239968659745855
130.42361725249643	1.2362429326233038
130.5746528939764	2.243408808945346
130.6101932800448	2.2399865581956058
131.00602304939642	1.146936802472141
131.00784688832792	1.1476717064708168
132.15232819386875	11.539118878114458
132.20407403492638	11.550406071089274
132.38738169655824	1.8632323326921396
132.4141377363356	1.8615319086074626
132.4397035425079	7.770684452888925
132.5990667461056	2.2688437545128273
132.63078177102588	2.2739409637907673
132.71039890750941	9.816043295717819
132.72571844197344	9.806554311845277
132.94122029494537	7.984665795432926
132.97983689256313	7.991381412667665
133.28969878542668	1.2114675421095524
133.31524196691086	1.2134001522020783
133.44410940062411	14.867343730319773
133.49476539614702	14.878306124005048
133.75343491156298	3.0437200613013147
133.7778175689353	2.57040950012581
133.79037844196932	3.04643526541174
133.80917206327453	2.572725059672005
133.82051141030755	0.9497440002326407
133.83778552360073	0.9484609879961743
134.3391606347164	6.897202482775064
134.3814831068244	6.916342914864738
134.5556182793045	2.233354904615848
134.58920259168517	2.2369217553533387
134.60493077491836	6.440865260853652
134.6677223447607	6.456619119681682
134.86025463231783	1.576634648934965
134.86366586891572	1.577201790059674
134.96985686867467	4.510613382070759
135.0004125480747	1.7331986041641478
135.0121716392338	1.736008912921455
135.10008015958456	9.463543036990798
135.1656608597241	9.489385279880919
136.36234960294212	3.4668568529804245
136.39134993390445	3.465575050977579
136.5474544858883	1.0303252262218106
136.59923338042816	1.029005681825113
136.72631336262867	2.2763552231030064
136.7308720377747	2.2741779907529804
136.73536563174864	2.572961031985727
136.7730229363898	2.574444308720253
136.832246340983	0.6008663968220129
136.91882537587304	5.089489953747206
136.94617189931554	5.092701598971697
137.13615661095199	10.849232551505299
137.14521380978297	4.973974101005983
137.19868895112108	10.855486200277642
137.2054257597687	4.981023978329315
137.4956945326316	9.522845037681515
137.51186013899448	9.525262014387481
137.7892487819335	8.102850798985578
137.8335614463611	8.096108823652248
138.22841244057332	1.5101568284543505
138.242510789008	1.5097573382572804
138.25250925782214	1.5082072322335562
138.26029601879605	3.4788509009349444
138.2805829160857	3.4771667868351113
138.29708331015874	1.3623532970009116
139.32240098835797	6.047685739231261
139.37966822924454	6.05007943496094
139.4528709122102	4.342240001236631
139.4651181271692	4.3424894134775105
139.57668517006945	0.07826881907200112
139.61445387692768	2.0750478071896916
139.6272872746113	2.072804999732976
139.7792709755813	12.909838233681253
140.00612608118948	8.780084339298725
140.06082773287983	8.791605226887189
140.2318745651375	0.6686489330945744
140.28869407924256	0.5204285712443553
140.56454590233133	3.3862221131443806
140.92626901319258	3.856651872440907
140.94789910581352	3.858628803250451
141.65343239877677	4.798654386508687
141.68284009011094	1.5514533713795453
141.71393617093202	4.8081786279584735
141.74068849878418	1.547772249460352
141.98652926648268	0.8626905956844297
141.9926906985836	0.8580954145118959
142.0096764407089	13.208326861263869
142.02796572753496	13.207810505059971
142.04958513105262	3.391398371137394
142.10146228300025	3.391223008339364
142.3489478786668	3.0821839411300638
142.37071955771933	3.083704294647312
142.39013187377992	2.1532626963447585
142.4333866350232	2.1542998126958968
142.56000324718318	4.26228024138037
142.56985049336436	3.181951522828948
142.5801731704627	3.1845437603265276
142.61523091323673	4.264892231158545
142.70366881305785	0.26245275845862914
142.73738544380362	0.26518658143648227
142.85600410833925	9.33633067714674
142.8640135648354	9.337106659427121
142.86759158680144	2.0556173176586343
142.94914200277196	2.0583635254951487
143.29595675045823	2.0265473955463382
143.36141985489195	2.0329900014279088
143.40356353719028	0.3420127882704865
143.41765397890973	0.34189753833694997
144.00500247620988	1.030798232914749
144.0085153596605	1.0295917929093916
144.04111881739945	5.098654943364173
144.1037731234429	5.103604684659293
144.74429374341116	8.778981544923342
144.76487524779554	8.781680405348833
145.39739088802767	12.065636304083197
145.43550487246006	12.078354000757539
145.95369113821536	4.797659088088763
145.98517337125088	5.599473973916653
146.0151616450336	4.798929125421016
146.02423634706932	5.609486021278502
146.26306717130828	0.35864956286903166
146.28445879470354	0.3626185892597376
146.5843333759631	7.933196098853922
146.63931845129102	7.950026522499196
146.98651294637804	9.952171397845765
147.02294421756997	9.85009513189327
147.0288759748139	9.835145892386317
147.0377255824967	9.96550095640936
147.29636521932244	5.71921215285647
147.63990257325977	2.4079512987404215
147.66802875711855	8.763803521403794
147.70227967676928	3.2782547113863982
147.70338649974013	2.4116252029519556
147.7372804408446	3.2861739840240594
147.7651862619814	9.145069815323637
148.23938380783363	4.608881699500799
148.3421619383103	3.4724321217145784
148.38214491054396	0.7950197086824713
148.41252737418455	0.7962987750372827
148.4411727527187	4.259826171110235
148.66158230375618	9.659964330246595
148.6847433773888	13.851551024901994
148.69713670611367	14.006812608248152
148.72425795585843	13.847897269282573
148.73980477040396	9.685277701513877
148.76627580844516	14.03291743376393
148.78343883567604	7.46418386718589
148.7863306020469	7.457794152627784
148.88192881358287	3.167631847795954
148.97156626709935	3.1745785767954895
149.27468123150598	2.1138290229894214
149.3700156438595	2.1229854917712
150.04431246393884	6.611020439191855
150.14442420657204	6.622075650339285
150.2292472633248	5.221019216090704
150.27410029627228	5.226258880868065
150.48611703292488	1.2318382957772818
150.6880862919595	17.17670684659159
150.71061257177556	17.186672982237212
150.91812199755137	0.6472899792612176
150.9207022899069	1.5814072057814685
150.95085602043838	0.6504936943746237
151.0227486614678	1.5960011780604395
151.1477752931911	2.844436628527915
151.3764616401918	1.0368102148739746
151.44078400264962	1.040367690266206
151.73103933078326	11.472207056712111
151.757143598105	11.484882633281341
151.76556861312034	3.6553194017832893
151.84748241510368	3.661749635145553
151.87972118021614	12.62334438417676
151.99423479161152	12.662432832134554
152.05418934439584	0.10839011216656724
152.11098567303128	0.10838935074658303
152.35034471495456	17.70109054643374
152.37739335494587	17.713364969813522
152.48527144452507	0.09980892992970658
152.60297268840708	0.09935974488943046
152.7933988695405	7.500647139525463
152.8566991595563	13.198223385826022
152.86463662104683	7.51564209672648
153.28736938189982	2.5263005433655286
153.38065931498434	2.5273890886253474
153.4497684709472	4.741638856466777
153.48737398134838	4.7457465424169785
154.26288351608815	8.895728986754223
154.2701782014625	8.898633683353335
154.44901120142822	10.408377216513783
155.01497278356558	0.39566312784239493
155.02479430225142	0.39540709851152733
155.59468779392432	11.832601221848499
156.990920258169	25.10829319761104
156.99459815016414	25.10701883978427
157.09323483729955	8.894440899657706
157.10185799791688	0.8812288412349009
157.107164545237	8.901000422893231
157.11828291429612	10.568332879974673
157.13036496787646	0.8797622488505639
158.8592325578772	3.0760120836895095
158.8884333532985	3.079120636189082
159.68047873431854	18.939998944867497
159.75744053892376	19.023993951896813
159.83746762169062	2.3462546894259932
159.86324564835516	2.3411004747490596
160.07565758485265	8.063106381371098
160.25233947914887	32.75986254936529
160.26683796387528	32.778672809606164
160.42246249023484	9.247428190556551
160.43490011844048	9.256700752596975
161.1388971210325	7.116528437440972
161.2877377727753	7.154645214208922
161.5476077943683	4.985824239915311
161.6919500043021	0.3468535699703861
161.77073629715775	0.34893086678740143
161.81161714717814	3.562182964335615
161.8348700726724	3.5690993606949775
162.13387542574912	17.502922444559292
162.1790358621749	18.18906372314841
162.19407539238486	17.780592011888327
162.2897304431008	17.87358240454606
162.77381344222005	9.858711680941935
162.93371790892172	9.955700128619004
163.032563531213	3.5762888246800926
163.1540351777179	3.6033316989874775
163.25175962448307	45.564037405169294
163.73468068659668	3.694733600898877
163.79063623431293	5.421075329912854
163.85525915712304	5.446042128545697
163.9085068713138	4.968347342329486
163.92923124622695	7.905394838191548
164.50051662593964	11.535843861392765
164.58323921152876	11.598741641932577
164.68377973238734	0.37681692525578325
164.80781600942197	0.37895806034282997
165.06852950047465	20.792361596791732
165.11161286320592	20.829955911421845
165.82238606176955	4.678160891440606
166.07541582636088	20.890606940018923
166.13138484090786	20.968133874897113
166.50438514630602	10.360043965663536
166.61070517145163	10.434544732080894
167.14122805904677	7.600035673695318
167.7961152630263	34.06416804322786
168.0632043652191	34.78590952619718
168.14679551500953	21.688971037568955
168.26242394606388	12.207847283912603
168.31015454876612	12.263263153645312
168.38494732260372	23.20731105474899
168.556634221228	4.308237721908906
168.79522607026368	4.4103477457803075
168.82255544025335	14.69408055449461
169.03196886964548	33.49236212938025
169.11863322522893	15.0877343787054
169.20551817562784	34.018850138806094
170.6714311741419	20.490635628540065
170.69099083527166	20.552939153166033
170.92397964521916	22.939956586741193
171.0121281727771	23.293606500626947
172.0570540557326	25.467348826670527
172.1896737216204	25.874784369425598
172.37109946189938	14.258325043357583
172.3788084023922	14.322543987990002
172.4731067758395	62.98022325584667
172.58256093249693	63.89958494724218
172.99233483136956	4.958836717721772
173.04444880444737	4.9994233903618674
176.5082455909935	22.51483195713523
176.6327823337837	1.053392187189198
176.64720882998472	23.455888633230693
177.6326801554341	1.4917687149312604